4.53874
4.10683
4.19737
4.13608
3.98505
4.19155
3.84737
4.02073
4.56824
3.78618
4.0838
3.78754
4.88383
4.25636
4.279
4.0836
3.87985
4.67794
3.93715
4.20787
4.36356
3.65013
4.15137
4.40613
4.15181
3.76356
4.10096
4.32481
4.0194
4.18842
4.07557
4.12037
4.1181
4.17855
4.23586
4.09652
3.8383
4.6374
3.98157
4.45843
4.2551
4.13552
4.12554
4.06774
4.33191
3.97272
4.44688
4.17809
4.19898
4.16647
3.71835
4.08615
4.09827
4.26846
3.79103
3.87718
3.87784
4.37266
3.95246
4.12593
4.33117
4.26945
4.01444
4.3447
4.08193
3.97475
4.46523
4.48137
4.44224
4.32613
3.95995
3.87546
3.98499
4.03675
4.36524
4.48251
4.19203
4.40878
4.35915
4.3394
4.48168
4.5722
4.28487
4.21283
3.91343
4.20801
4.17593
3.85161
4.38965
4.36656
3.67435
4.25578
4.24884
4.30739
4.30418
4.01462
4.29211
4.01758
3.86662
3.89438
4.07315
4.03858
3.89166
4.20305
4.16325
4.14493
4.62347
4.0438
4.30927
4.23417
4.17658
4.40512
4.31191
3.83333
4.01166
4.04757
4.15638
3.76289
4.0008
3.64336
4.03629
3.70563
3.93176
4.41712
4.22333
3.91521
4.21108
3.84343
4.1486
3.93835
4.07412
4.20669
4.40686
4.03399
4.12812
3.95867
4.19302
3.96305
3.77657
4.30245
4.40842
4.2844
4.2793
4.30321
4.17154
4.43597
3.85073
3.66806
4.04823
3.91639
4.07164
4.238
4.428
4.32883
4.04124
3.92357
4.0215
3.98348
4.14858
3.83668
4.04152
4.12356
4.27583
3.80495
4.3184
3.73576
4.36102
3.97765
3.93237
4.11015
4.14948
4.42331
3.89013
3.6458
3.80496
3.91075
4.13166
3.92216
4.10653
3.5169
3.47403
4.02467
4.2976
3.68309
3.90887
4.25338
3.95408
3.9423
4.434
4.02559
4.07422
3.61086
3.95098
4.38365
4.00622
4.10511
4.13433
4.14619
4.16401
3.52346
3.89624
4.04084
3.73354
4.55754
3.8495
4.15801
3.64498
4.64146
4.10108
4.26086
4.04187
3.89139
4.27431
3.74874
4.46464
3.81784
3.77556
3.84611
4.44048
4.11348
4.09952
4.25459
4.54862
4.45621
4.0218
4.0679
3.90225
4.1196
3.98178
4.41517
3.83966
4.22893
4.19957
4.02941
4.21137
4.31118
3.91989
4.40876
4.23975
4.03695
4.56078
4.45312
3.865
3.75279
3.58607
4.12642
4.04892
4.08248
4.74401
4.11886
3.86668
3.65174
3.7852
4.14209
4.1615
4.25837
4.09801
4.09855
4.38597
4.41894
4.24518
4.52727
3.68025
4.41044
4.31551
4.21449
3.93986
4.17788
3.93642
3.76231
3.86663
4.10221
3.92737
3.91105
4.14506
4.01359
3.88614
4.12602
3.8388
4.58059
3.96353
4.05322
3.97826
4.68518
3.99865
4.35467
4.1272
3.97465
4.07163
4.26286
4.43031
3.83273
4.27311
4.54168
4.01268
4.05486
4.38915
4.35191
3.95075
4.25901
3.68859
4.11483
4.05126
4.39803
4.3244
3.96649
4.03353
4.06476
4.4229
4.43665
4.29395
3.80268
3.91929
4.19137
4.05206
4.02461
4.04585
4.28035
4.10557
4.41238
4.06048
3.75209
4.41265
4.21901
3.97344
4.16397
4.17512
4.4095
4.7754
4.2399
4.41002
3.98185
4.61575
4.13995
4.71242
4.27156
4.3887
4.37669
4.38335
4.06656
3.98977
4.01815
4.00284
4.07372
3.98183
4.13982
4.15037
3.91082
4.54047
3.96676
4.05399
3.9783
4.07623
3.94796
4.1823
4.18193
4.14767
4.26717
4.45197
4.49555
4.15465
4.12191
4.55462
3.82641
3.58269
4.23372
4.28326
4.00413
4.01498
4.51584
4.12648
4.07645
4.13096
4.09391
4.19867
4.16781
3.69227
3.97658
4.09773
4.03888
4.33108
4.10962
4.15815
4.22638
4.43682
3.8239
4.14699
3.88018
4.18286
4.33793
3.59775
4.03136
3.73976
4.30997
4.30203
3.68902
4.3032
3.7669
4.16434
3.776
3.72985
4.2513
3.94151
4.19786
3.61228
3.95822
3.92963
3.89835
3.64587
3.83126
3.88277
4.134
4.2458
4.17514
4.29021
3.9811
3.80564
4.12516
4.1571
3.79142
3.85248
4.17893
4.298
3.76979
3.8813
4.22356
4.22386
4.07878
3.88399
3.7707
3.79781
3.83611
4.18822
3.89059
3.6523
3.96725
4.1086
3.66412
3.80166
3.90409
3.94628
3.93963
4.18572
3.98492
4.08833
3.97521
3.74088
3.81152
3.96332
4.15872
4.03993
3.91058
4.28067
4.38368
3.67498
4.32926
3.76725
3.73577
3.49573
4.14468
4.01337
4.04284
4.02967
4.29486
4.09874
4.2932
4.21756
4.02345
4.04614
3.7421
4.31835
3.8972
3.90634
3.71791
4.11998
3.72328
3.48918
4.1354
4.05
3.77517
3.79894
4.13728
3.90661
3.67645
3.62933
3.86305
3.83857
3.79588
4.16093
3.90452
3.88082
3.46511
4.31785
3.49719
4.08285
3.88328
3.85531
4.18805
3.67827
3.90477
3.57085
3.74685
3.61464
4.0225
3.5844
4.01562
4.03689
3.93772
3.92466
3.57495
3.82769
3.70693
3.99336
3.58005
3.71483
3.69615
4.02765
4.3016
3.92957
3.93068
3.93724
3.62195
4.10496
3.86581
3.995
4.14561
4.11534
3.98486
3.70624
3.85409
3.74284
3.95786
3.76875
4.38758
3.66329
3.88446
3.66095
3.88321
3.87533
3.82947
4.15389
3.94419
4.0379
4.14102
4.21515
3.93488
3.88469
3.91442
3.95898
3.79147
3.57762
3.8142
3.86861
3.71048
3.44059
4.0153
4.20553
3.77971
3.98016
3.83676
3.99439
3.77308
3.85752
3.53958
4.44398
3.64539
3.7319
3.60334
4.00464
4.02046
3.6904
3.98108
3.95318
4.23436
3.88822
4.2272
3.92194
3.75229
3.96913
4.07691
4.07899
4.27727
3.99867
4.57558
3.74973
3.97854
4.11035
4.48857
4.09717
3.65113
4.2356
4.16219
4.05479
4.43131
3.85075
3.95489
4.22552
4.14107
3.93183
4.28481
4.61462
4.22921
4.16591
3.59402
4.23454
4.3797
4.29791
3.96418
4.12951
4.17862
3.76901
4.07387
4.1084
4.44302
4.19886
4.20686
4.10205
4.09423
4.06918
3.94751
4.3079
3.88802
3.95526
3.87776
4.12718
4.04693
4.41056
3.93812
4.58525
3.93319
4.25255
4.33303
4.0326
4.00782
4.13088
4.36519
4.56031
4.21376
3.99087
4.23748
4.52361
4.04832
4.07667
4.27237
4.30254
3.96278
3.64706
4.0879
4.25912
4.0516
4.24499
3.81905
4.12254
4.49129
3.88735
4.17862
3.44251
4.45115
4.03627
4.11726
4.36819
4.33301
3.92736
4.34742
4.24952
3.97765
3.97413
4.52782
4.15668
3.55982
4.10369
4.04352
3.97148
4.41297
4.09946
4.21901
4.0783
4.62436
4.16874
3.82536
4.11493
3.54818
4.41673
3.98977
4.07861
4.03809
3.85436
3.61385
4.27428
3.74452
3.9702
4.12681
3.90721
3.96397
4.01898
3.65576
4.15055
3.94209
4.15772
3.78043
4.14232
4.03232
4.35235
3.8866
4.51573
4.16736
4.00085
3.94338
4.29958
3.82336
4.23568
4.45354
3.99864
3.95063
3.76739
3.81132
3.80839
4.0662
4.62297
3.96022
3.84291
4.15826
3.72588
4.03457
4.13272
4.00911
3.82733
4.23251
4.12218
4.33532
3.54163
4.17044
3.97786
4.04169
4.45513
4.00208
3.71909
3.96422
4.12269
3.63388
3.86381
3.85863
3.56924
4.01011
3.6262
4.06336
3.92446
4.0182
4.12872
4.20224
4.31896
4.26224
3.83522
4.27701
3.75127
4.16104
4.48785
4.34562
4.26692
3.80162
4.27782
3.77372
3.9481
4.34491
4.28728
4.20846
4.11162
4.12169
4.39889
4.11314
4.07294
4.38018
3.91347
4.32844
3.98075
4.23355
3.86948
3.92073
3.67346
4.13615
4.12873
4.19733
4.09806
3.69936
3.7795
4.39825
4.21661
3.96421
3.8118
4.04068
3.98525
4.19331
4.25515
4.4705
3.70947
4.16124
4.16814
4.472
4.4618
4.23441
4.32481
4.28599
4.25475
4.35679
4.0367
4.13905
3.81357
3.92047
4.20065
4.32966
3.66095
3.7838
3.6955
3.86252
3.62534
4.34896
3.85476
3.84861
4.04244
4.3212
4.36867
4.12179
4.33631
4.09979
4.4
4.39166
4.0266
4.22464
4.1948
4.29151
3.92988
4.26475
4.04733
3.47381
4.34458
4.04144
4.54608
3.98685
4.01162
3.78011
4.40415
3.75141
4.01465
4.26784
4.52541
4.16026
4.00534
4.16404
4.49545
4.07316
4.32592
4.44977
4.14979
4.50458
4.06199
4.17955
4.45255
4.51522
4.42591
4.48113
4.19135
4.72577
4.62801
4.63671
4.70159
4.32385
4.35968
4.47774
3.97947
4.2756
4.28531
3.94564
4.1296
4.21311
4.67935
4.08158
4.15005
4.34268
4.35524
3.9284
4.29595
4.85615
4.47738
4.80219
4.27507
4.4379
4.56624
4.80874
4.97589
4.57738
4.39854
4.14513
4.47107
4.22346
4.363
4.11466
4.31322
4.27617
3.89594
4.07036
3.86594
4.51196
4.55117
4.34109
4.29324
4.63008
4.90503
4.14572
4.36805
4.81404
4.55804
4.25244
4.56746
4.4261
4.44826
4.3613
4.1654
4.48089
4.3219
4.18631
4.23551
4.53161
4.09234
4.48213
4.45649
4.36585
4.39598
4.47257
3.64959
4.2728
4.58272
4.41447
4.31903
4.60236
4.59343
4.60942
4.35513
4.68703
4.19508
4.03239
4.45942
4.16491
4.26775
4.69704
4.26543
4.17031
3.8293
4.27357
3.76974
3.97003
4.13473
3.50675
3.95643
3.83346
4.02274
3.99506
3.87676
3.84174
3.76447
3.82561
3.62184
4.01792
4.06529
4.39091
3.80685
3.68302
3.68486
4.18619
3.83429
4.12573
4.04529
4.04964
4.22174
4.13598
4.37957
3.82569
3.98487
4.26307
4.10787
3.96332
3.75219
3.9533
4.2107
4.1416
3.74628
3.78682
3.96683
3.83083
4.12211
3.87356
4.165
4.0673
3.57335
3.96877
4.10959
4.08115
3.98642
3.887
3.85161
4.10509
3.86827
4.21587
4.29013
4.19649
4.09741
4.09705
3.97032
3.87893
3.83301
3.7354
3.90132
4.00486
4.42825
4.25156
4.03409
3.92649
4.19809
3.91896
4.00747
4.04794
4.09425
3.64018
3.90556
3.79695
4.2484
3.70218
3.88828
3.94014
4.1071
4.04572
3.81745
3.98883
4.08243
3.86464
3.92101
4.50887
4.19846
4.27137
4.00107
4.11925
4.43088
4.00055
3.98483
4.19924
3.77772
4.30986
4.12369
4.06405
3.91492
4.39996
3.83872
4.29968
3.73947
4.0212
4.27071
3.86227
3.73087
4.26611
3.88853
4.31876
4.10667
4.4123
4.01768
4.15776
4.43095
4.06085
4.17906
4.15259
4.36063
4.1372
4.25757
4.14773
3.89455
3.8211
4.28986
4.10613
4.52032
3.67661
4.42172
4.08564
4.04845
4.19076
4.42383
4.41638
3.70791
4.10518
4.0204
4.17452
3.49524
4.09963
4.02349
3.97332
4.49113
4.16459
4.31343
3.75674
3.88851
4.18579
4.02843
4.041
4.45573
4.26609
4.17896
4.22851
4.3412
4.20834
4.15849
4.36832
4.14275
4.20128
3.83735
4.35591
4.01918
4.64131
4.23901
4.24342
4.53428
3.87893
4.15939
4.20642
4.04073
4.40664
4.17154
3.99367
3.97056
3.91131
3.88113
3.91409
3.85446
3.94652
4.36509
3.63406
3.70349
4.32383
3.71356
3.97875
4.17485
4.05794
3.60979
3.75493
3.72724
3.93572
3.91989
3.76054
4.37452
3.8422
4.26605
4.07262
4.22228
3.78464
4.07311
3.96963
3.57682
3.68319
3.94341
3.94165
4.11068
4.21109
3.84853
3.97485
3.86444
3.97208
4.04595
4.0245
3.48586
3.91
3.67701
3.84982
3.93683
3.92618
4.06606
3.83701
3.81295
4.41669
4.28486
3.74023
4.20353
3.94563
3.94968
3.83596
3.90039
4.02536
3.8075
3.58731
4.22968
4.20152
4.08433
4.0341
3.97401
4.1708
4.06977
4.16506
4.17378
4.02858
4.07491
3.97199
4.12214
3.85406
4.10314
3.84154
3.4434
4.14187
3.55592
3.89194
3.88144
4.36334
3.67041
3.75879
3.87231
4.36892
3.96177
3.67162
4.19008
4.25058
4.4196
4.0271
4.62581
4.28212
4.01653
4.28452
4.15711
4.5232
4.63268
3.95603
4.18932
4.0307
4.05387
4.09214
4.11255
3.85095
4.44007
3.96528
4.29402
3.85124
4.2621
4.2238
4.5568
4.62529
4.28397
3.82463
4.36249
4.21221
3.81558
4.71469
4.08491
4.41193
4.33895
4.01147
4.04492
4.29276
4.6302
4.52221
4.68483
4.31864
4.10131
3.85823
4.00922
4.24301
4.16939
4.33511
4.15995
3.93
4.12679
4.69382
4.28637
4.37818
4.20328
4.36297
4.20894
4.50572
4.0336
4.2269
4.65725
4.25035
4.32143
4.28274
4.14516
4.06116
3.97875
4.12991
4.38273
4.18468
4.41564
4.51855
4.2877
4.10289
4.57131
3.98535
3.94281
4.0724
4.0087
4.50008
4.15628
3.95217
4.49239
4.11134
4.04701
4.42392
4.35352
4.02866
4.18703
4.16683
3.89952
4.06585
4.11523
4.39698
4.05103
4.6866
4.1761
4.26603
4.04595
3.91286
4.00893
4.06577
3.77089
3.84118
4.37693
4.41564
4.24759
4.13997
4.47649
4.13901
4.36372
4.39613
3.93295
4.35854
3.97961
4.51531
4.34292
4.19346
4.05654
4.278
4.03781
4.22175
4.22029
4.12723
4.00326
4.44008
4.37779
4.1846
4.05717
3.99464
4.26721
3.90304
4.0669
4.06848
3.9916
4.32738
4.5865
4.4064
3.78314
4.18624
4.47799
4.39646
4.18179
4.16443
4.36272
3.985
4.39406
3.99496
4.5137
3.88609
4.02239
4.25627
4.13364
4.50284
4.29467
3.32186
4.20734
4.55588
4.46877
3.93997
4.34955
4.43226
4.34215
4.30134
4.35912
4.17172
4.04205
3.99006
3.9112
4.09772
3.99851
4.37928
4.27421
4.11109
3.80352
3.75174
3.78957
4.10158
4.32631
3.99778
3.97235
4.28878
3.80291
4.07423
3.93409
3.75335
3.74777
4.36298
4.39199
4.13998
4.29532
3.97496
4.32282
4.12404
4.48004
4.40969
3.94098
4.22453
4.16742
4.23696
4.37496
4.15799
3.87162
3.84548
3.57627
3.97748
4.23635
4.25339
3.56792
4.32689
3.85793
3.80117
4.09994
3.86871
4.11399
4.17669
3.92383
4.30728
3.85782
4.2217
4.14786
4.4296
4.54904
4.34797
3.73976
3.8994
3.87422
3.98287
4.45395
4.30341
3.79165
4.29353
4.17655
4.04544
3.96694
4.06811
4.20312
4.3494
3.90982
3.84908
4.08148
4.14391
3.79034
4.07607
4.05962
4.59337
4.03604
4.00017
4.26797
3.9407
3.99108
4.18168
3.99387
4.21116
3.98557
3.83519
4.05351
3.71027
3.83055
4.10399
4.04007
4.34236
4.16528
3.9204
4.05885
3.70677
3.67765
3.9762
3.79871
3.7484
4.67144
3.77533
3.89957
3.99137
3.91125
4.44715
4.01086
4.20235
4.07035
4.05053
3.81014
4.18084
3.81104
4.082
4.16964
3.93129
4.10231
3.95604
4.00827
4.35167
4.25803
4.0463
4.01541
4.29823
4.21935
3.85153
3.97862
3.91398
4.09986
3.94114
3.75091
3.80102
3.76029
4.43016
4.18508
3.69295
3.72093
3.68754
4.23908
4.2754
4.17419
4.06816
4.37806
4.16934
4.28614
4.02397
3.48748
3.698
3.81565
3.99075
3.75751
3.96369
3.95871
3.79773
3.97284
4.0265
4.29938
4.19277
4.04349
4.15689
4.09709
4.17002
4.04755
4.15299
4.41864
4.19081
3.80873
3.96995
4.05825
3.66799
4.03691
4.02578
3.75536
3.58723
3.93206
4.12066
3.89636
3.8266
3.7799
3.53914
3.97254
4.28212
4.13392
3.42782
3.96917
4.16744
3.94228
4.551
3.79907
4.17497
4.18351
3.87688
3.96623
4.14545
3.91403
4.19691
3.85684
3.75287
3.76825
4.01123
3.64035
4.33036
4.10383
4.28384
3.52057
3.72102
4.00634
3.98748
3.80211
4.2043
4.49036
4.22022
4.07525
3.74166
4.0124
4.11523
4.3308
4.25808
4.00573
3.904
3.76007
3.67829
3.30535
4.18898
4.27759
3.97252
3.95101
4.05817
3.99861
4.08005
3.99334
3.77913
3.92739
4.08687
4.10029
4.14024
3.92606
3.70748
4.17363
4.0481
3.88091
3.87713
4.13836
4.11875
3.58449
3.85829
3.87091
4.33559
4.16646
4.34249
4.23699
3.80898
4.16975
3.52568
4.58789
3.7848
4.14363
4.49267
3.68412
4.00108
4.19254
3.8708
4.03444
4.29665
4.14102
4.33081
4.14368
3.96013
4.35062
4.31795
4.26149
4.02223
4.34411
4.51942
4.03474
3.9442
4.25698
4.43991
4.47394
4.29696
4.3802
4.3098
4.36894
4.15704
4.37763
4.20554
3.91537
3.97507
3.84937
3.83668
3.95986
4.1623
4.59063
4.36657
3.81784
3.9918
4.22686
4.46629
4.01122
4.37162
4.57057
4.36415
4.01472
3.96507
4.53038
4.32101
4.24628
4.13494
4.32421
4.07906
4.08724
4.43057
4.26009
4.30318
3.4976
4.11373
4.12806
4.18587
4.05781
3.99844
4.32279
4.40294
4.34644
4.47846
4.28596
3.87249
4.40527
4.18846
4.24164
4.05461
3.82396
3.67414
4.0798
3.46777
4.09412
4.21297
4.40928
4.18159
3.97997
3.78709
4.02352
3.98006
4.10457
4.31561
3.95502
3.92205
4.06842
3.7487
4.08816
4.23952
4.2058
3.81242
4.25765
3.88966
4.16519
4.42903
4.15999
3.55114
3.68189
3.83844
4.28564
3.59126
4.301
3.64048
3.66088
3.89973
3.95903
4.12673
4.27523
3.8648
4.16936
3.92401
3.70198
4.07674
3.93163
3.80058
3.95908
4.00002
4.02281
4.13416
4.00328
3.8971
4.28529
4.03002
3.9257
4.26717
4.23621
4.21328
4.50276
4.34476
4.08457
4.04612
3.74902
4.13836
3.93261
4.15938
3.8003
4.31137
4.1141
3.93522
3.95609
4.1001
4.32823
3.64887
4.13869
3.8987
3.7434
3.98772
4.26014
3.94343
3.97643
3.92198
3.89125
4.09067
4.02511
3.93179
3.86134
3.85452
3.56071
3.54093
4.13219
4.06173
4.15028
4.11495
4.48897
3.76814
4.08248
3.96168
3.67715
4.0293
4.17931
3.7621
4.57438
4.16951
3.71791
4.19692
4.00907
3.64485
4.03463
3.74518
3.69728
3.87187
4.01486
4.31522
4.24799
4.13515
4.10611
4.11725
4.0321
3.78504
4.26514
4.15654
4.16429
3.88731
4.08641
4.25056
3.63863
3.99733
3.49074
3.85628
4.20716
4.47294
4.12134
3.83414
3.91277
3.9808
4.00248
3.75026
3.81593
3.81167
3.70212
4.03246
3.96544
4.05133
3.76078
3.75172
4.04543
4.14229
3.9388
3.8715
4.06027
3.6643
3.96065
4.09948
3.92765
4.07286
3.9019
3.92011
4.24896
4.52388
4.04845
4.21295
4.18173
4.16307
4.45713
3.80905
3.93279
4.07235
4.09791
3.84777
4.02226
4.15169
4.13212
4.42133
3.80476
4.58855
4.13079
4.43916
4.35268
4.11469
4.01798
4.33195
4.53579
4.27316
4.02275
3.83412
4.07534
3.7563
3.86271
4.50703
3.81859
4.17463
4.0074
4.0366
4.28243
4.17537
4.10525
3.59406
3.69833
4.15953
4.43044
3.96552
4.36516
4.13784
4.20766
4.18513
3.99392
4.27094
4.44986
3.90988
3.80784
4.14732
4.17647
3.96917
4.21338
4.19491
3.90814
3.76314
3.91611
3.92342
4.45418
4.18303
3.81446
3.92578
4.29204
4.11453
4.09822
4.25865
4.32027
4.25799
4.38934
4.3581
4.07554
3.95847
3.94356
3.98283
3.87102
4.19409
3.93716
3.82748
3.59585
3.92632
3.60831
3.4621
3.8692
3.80346
4.06701
4.09849
3.91397
4.19616
4.02601
3.78803
4.21172
3.88208
4.37476
3.99436
3.63586
3.81371
4.14864
4.39231
4.22145
3.69361
3.74821
3.57617
3.50679
3.85778
4.22338
3.86741
3.74954
3.83923
4.4316
3.96711
3.90786
3.79922
3.77215
3.68548
4.33305
4.0171
3.75934
4.0889
3.76372
3.94602
4.13217
4.09704
3.74113
3.6801
3.84063
4.15583
4.19099
3.39804
3.92449
3.65887
4.09555
3.60458
3.96797
4.25561
3.70971
3.91745
4.08752
3.96541
4.02301
4.36843
3.6172
3.79385
3.89787
3.99568
4.11683
4.21683
3.8641
3.82675
3.80922
4.01948
3.86669
3.61467
3.83201
3.44952
3.91657
3.88174
3.62974
3.7258
4.07862
3.42371
3.59949
3.82562
3.68015
4.14818
3.85108
3.63439
4.10678
4.38827
4.0226
3.84518
4.11805
3.76018
3.76241
3.85849
4.20758
3.9807
3.8786
3.60631
3.50977
4.12645
3.67379
3.60122
3.74937
3.75782
3.40263
3.69079
3.96663
3.98359
3.89807
3.91313
4.14189
4.11282
3.84651
3.81519
4.05241
3.8813
4.09975
3.65212
3.92925
3.66752
4.20921
3.68227
3.97315
3.86652
3.75547
3.92503
3.73965
4.15899
3.84956
3.98898
3.52235
4.15788
3.56484
3.95496
3.82141
3.76955
4.07989
3.80574
4.00635
4.15073
3.67537
3.74544
4.19237
3.79347
3.90714
3.93485
4.07989
4.04934
4.25641
3.6208
4.34976
4.05647
4.11382
4.03301
4.21312
3.82167
4.059
4.04247
4.101
3.93045
4.01932
4.19448
3.76274
4.01901
4.5157
4.02453
4.26477
4.03025
4.09769
4.1378
3.728
3.7059
3.81776
4.00508
4.04781
3.77097
4.26085
4.03033
3.97129
3.96092
3.54114
4.09549
4.29071
4.06342
4.47368
4.16325
4.49234
3.68916
4.11142
4.33289
4.36486
4.35906
4.05222
4.18584
4.13264
3.98064
3.99008
4.18219
3.99145
4.04553
4.30183
3.8622
4.35371
4.10789
3.76489
4.23116
4.09928
3.83789
3.84315
4.483
4.20454
4.13399
4.01004
4.12318
4.09389
4.2013
3.93614
4.16199
3.89525
4.02027
4.18616
3.95891
3.72016
4.2022
3.9398
4.01688
3.70902
3.91904
3.62936
3.65945
4.13249
3.79539
3.97003
4.01382
3.95864
4.14908
4.15585
3.81452
3.55865
4.26453
3.85151
3.99108
4.02663
3.78422
3.83947
3.85587
3.81379
4.12547
3.73429
4.15374
3.79904
4.21902
3.88968
3.71766
4.0984
3.88236
3.50191
3.82412
3.80167
4.3478
4.27131
3.3763
3.59519
3.80245
3.87509
3.63126
3.47318
4.16469
3.93697
3.76361
3.66839
3.78181
4.34698
3.91296
3.95903
4.01682
3.94705
3.69856
3.92349
3.75659
3.81746
3.1843
4.17188
3.56665
3.90101
3.68643
3.98698
4.13235
3.75472
4.06403
3.95433
4.02264
3.71967
3.68503
4.0449
3.84899
4.36221
4.32279
3.90159
3.89445
3.88439
4.18582
4.00569
4.05245
3.80153
4.54892
4.31662
4.10197
4.54682
4.09727
4.01496
4.13745
4.42249
4.00627
4.15042
4.3191
4.001
4.43782
4.08137
3.83831
3.95787
4.09572
3.81503
4.02235
4.13721
4.09973
3.85313
4.32897
4.34737
4.65846
4.09254
4.3734
4.10251
4.65159
3.99928
4.27235
4.35846
4.47423
4.18783
3.56786
4.17261
4.20075
3.95487
3.85359
4.32537
4.06833
4.4747
3.95372
4.1575
4.22586
4.44626
4.13147
3.99144
4.33994
4.26321
3.9709
4.02576
4.42058
4.31897
4.13339
4.28872
4.26479
3.78557
4.12048
4.08737
3.99766
3.89555
4.11564
4.30526
4.60629
3.70918
3.70562
4.27483
3.86826
4.12122
4.30034
3.89376
4.4105
4.49161
4.24925
4.29557
4.09785
4.25895
3.86241
4.43474
4.11233
3.73137
3.9346
4.06318
4.57485
4.00829
3.92636
3.75217
3.9636
4.24692
3.79561
3.999
4.07257
3.70948
3.96935
3.96869
4.07235
3.89634
4.15261
4.5434
4.51149
3.84669
3.76091
4.2523
4.30388
4.32009
4.06617
3.86024
4.32678
4.01694
4.00759
4.47636
4.11347
4.0824
4.36877
4.22265
4.27135
3.88484
3.96221
3.65017
4.18111
4.09846
4.39184
3.88971
4.04802
3.96966
4.16447
4.35529
4.49089
3.8513
4.52172
3.79391
4.09013
4.39745
4.16759
4.07455
3.719
3.78771
4.06436
4.02045
3.88831
4.03513
4.00308
4.16728
4.35774
4.20671
3.90329
3.78317
4.423
3.74966
3.94836
3.9745
4.19883
4.12667
4.32808
4.08781
4.11643
3.93261
3.67036
4.03907
3.98519
3.88164
4.12733
4.11331
4.15472
3.52623
3.99029
4.20703
3.53666
4.15007
4.36509
4.19063
3.89574
4.30932
4.37721
4.21506
4.01855
3.80161
4.43316
3.88042
4.23787
4.16533
4.39545
4.0998
3.86177
3.86742
3.68837
4.2117
3.98819
4.10425
4.40372
3.91661
3.57211
4.14083
4.30599
4.11401
4.27823
4.26349
4.24868
4.1642
4.49916
3.77219
4.06422
4.28796
4.1766
4.0205
4.14915
4.25763
3.8053
3.83242
4.30638
4.38883
4.10551
4.40036
4.02586
3.881
4.72702
4.24423
4.36914
4.30041
3.55809
3.88818
4.32036
4.56369
4.23129
4.08076
4.21883
4.06821
4.12633
4.31054
4.32345
3.91925
3.84196
3.89456
3.99704
3.7626
3.99308
3.97709
4.15505
4.2816
4.35351
4.28743
4.14434
4.53272
4.4224
4.14511
3.76931
3.98141
4.34745
4.35409
4.15894
3.98124
4.41186
4.47241
4.03059
4.42922
4.12157
4.26191
4.04785
4.32234
4.39799
4.1208
4.33482
3.88396
4.34799
4.00595
4.13554
4.07757
4.21122
4.2492
3.897
4.06324
4.57907
3.81991
4.03819
4.44342
3.40561
3.95774
4.00709
3.71336
4.10436
3.83826
3.77182
4.16245
3.87964
4.21949
3.80352
4.31011
4.19325
3.72287
3.82676
4.30108
4.32685
4.15858
4.26762
3.63904
3.92266
3.68863
3.51312
4.07662
3.53531
4.06541
3.97962
3.98123
3.82195
4.0745
4.23184
3.73204
3.71725
3.85682
3.86146
3.94051
3.90077
3.87563
4.05403
3.69755
3.93208
4.11925
4.30602
3.92291
3.84004
3.97187
3.88627
3.90156
3.65716
4.00089
3.63747
3.8688
3.80719
4.19891
3.89339
3.79508
3.8224
3.69382
3.96435
4.11436
4.14775
3.97113
4.26333
4.05412
3.78234
3.98677
4.05694
4.10022
3.95372
3.92056
4.16296
3.83417
3.6568
4.06428
4.08077
3.86293
3.93113
3.95756
3.79257
4.2911
3.49877
4.09569
3.91596
4.01947
4.05167
3.99019
4.08043
3.68753
3.74972
3.49596
3.45822
4.12904
3.62533
4.12016
3.71991
4.10786
3.899
4.00781
3.68435
3.7924
3.88393
3.9744
3.8652
3.87868
3.87865
4.37542
3.77061
3.57101
3.94502
4.0838
3.84928
3.83889
3.95736
3.77013
3.94417
3.94394
3.679
3.98622
3.75569
3.93356
3.74846
3.50106
3.70935
3.87216
4.01984
3.72241
4.28079
4.06673
4.02138
4.29117
3.35182
3.94491
3.9668
3.7122
3.83165
4.0725
3.60521
4.26149
3.8522
4.2523
3.95173
4.06447
3.84817
4.27523
4.31003
3.44126
4.24297
4.56859
3.46763
4.31462
3.87559
3.87475
3.86136
3.85415
4.04626
4.2988
3.6197
3.60951
4.38644
4.2291
4.32088
3.63149
3.86798
4.29044
4.12106
3.97418
4.22226
4.24716
4.02747
4.48211
4.07809
4.5102
3.91109
4.26251
4.0737
3.82667
3.44388
4.40836
3.88709
3.56802
4.16841
3.9809
4.16625
4.16946
3.79003
3.75578
3.99073
3.96234
4.03883
4.36739
4.10247
3.57184
4.07377
4.3202
4.03237
3.74234
4.49482
3.67739
3.95225
4.25997
4.07659
3.90452
3.7785
3.92258
3.78497
4.15827
4.1492
4.20373
3.99309
3.59637
4.63979
4.47604
4.55196
3.92188
4.37203
4.12415
4.03133
4.03386
3.8907
4.18621
3.9182
3.8906
4.37373
4.02487
4.04835
3.82643
3.98635
4.18454
4.16051
3.76297
3.97329
4.17345
3.96415
3.7672
4.22208
4.05821
3.64257
4.09474
4.14119
3.99107
4.44589
3.82254
3.90156
4.22158
4.25247
3.90299
4.13426
3.70494
3.81839
4.01726
4.13205
3.94089
3.97474
4.4216
4.00465
4.28593
3.85395
3.88364
4.15454
4.09642
3.93361
4.24945
4.19121
4.23526
3.93868
4.10035
4.27809
3.87308
4.06878
4.15828
4.01272
4.02323
4.12104
3.97758
3.91194
4.07109
4.4651
4.26575
4.18892
3.79413
4.22521
4.2229
4.21362
4.1412
4.05649
3.76138
3.98239
3.65041
4.00752
4.04079
4.00785
3.89429
4.06584
3.9809
4.03701
3.83688
3.99605
3.59015
3.5178
4.1021
4.24479
3.80593
4.43336
4.22266
3.74785
4.17755
3.73604
3.81936
4.03749
3.85792
4.17795
4.06328
3.87857
4.28578
4.42255
4.0088
3.7066
3.9909
3.83047
3.80603
4.30148
3.58011
3.9134
3.7565
4.19624
3.83273
4.00023
4.3155
3.83937
4.27877
4.20254
4.31862
3.8366
3.93956
3.96907
4.47001
4.23823
4.13899
3.9156
4.54434
4.04285
4.50878
4.08331
4.23048
4.33376
4.0659
4.41018
4.35071
4.15639
4.03522
3.75558
3.56973
3.90185
4.09496
3.99433
4.16306
3.93566
4.04834
3.88712
4.35364
4.14892
3.77516
4.35405
4.4665
4.47493
4.21552
4.45156
4.68612
4.2218
4.58107
4.04691
4.58948
4.32615
3.9604
4.07217
4.29992
4.1159
3.95991
4.35664
4.22427
4.38421
4.45973
4.07459
3.8582
4.23323
4.11523
4.15631
4.3579
4.32994
4.20225
4.20212
4.54005
4.32854
4.19194
4.41904
4.19274
4.36957
4.05406
4.06069
3.93456
3.93827
3.90108
4.20204
4.24278
3.94421
4.17472
4.09433
4.06423
4.23731
4.29948
4.28046
3.85964
4.0844
3.76056
3.86215
4.02675
4.2164
4.31506
4.08177
3.59923
3.93751
3.82505
3.91345
3.89625
3.99483
4.53477
4.28982
4.0242
3.50985
4.14924
4.36294
4.52211
4.10488
3.88241
3.99036
4.18591
4.11185
3.81056
3.77786
4.46181
4.2013
4.15185
3.98877
4.1227
4.1302
4.05815
3.79797
4.23759
3.93942
4.18988
3.9074
3.99206
3.99312
4.45632
3.6734
4.36538
4.43082
4.06973
4.33689
3.79409
3.65346
4.17926
4.4315
3.99283
4.11377
4.3167
4.38121
4.3063
4.04351
4.00171
4.3914
4.08944
4.32594
4.19549
3.89537
3.78213
3.91715
4.0084
4.58159
4.06248
4.08794
3.73445
4.13679
3.85547
4.31742
4.18631
4.51336
4.22367
4.35802
3.92393
4.00774
4.50734
4.23755
4.77908
4.06199
4.0384
4.17395
4.17643
4.13537
4.39446
4.1766
4.23639
3.95402
4.22371
4.00968
4.09868
4.45239
3.91459
4.32718
3.97177
4.23451
3.93311
4.45693
4.45578
4.15087
4.5135
4.3825
4.1102
4.42582
3.95008
4.37626
4.1746
3.84968
4.20562
4.07611
4.31231
4.38172
4.29657
4.29193
3.56701
4.34298
3.95457
4.02224
4.21455
3.97581
3.65966
3.9292
3.95119
4.22201
4.19916
4.13713
4.49272
4.31404
4.111
4.46276
4.15855
3.9242
4.03714
4.20825
4.60512
4.63688
3.83547
4.52556
4.80454
3.9343
4.40135
3.93731
3.87635
4.29566
4.19309
4.08765
3.92898
4.46703
4.64508
4.48373
4.28075
4.19484
4.02937
4.00416
4.07628
4.54712
4.01167
4.06375
4.07821
4.19824
4.02915
4.48204
4.72539
4.01244
4.2777
4.38535
4.51585
4.08495
3.84386
4.53172
4.32302
4.22885
4.13813
4.41757
3.82732
4.07914
4.45889
4.10861
4.28431
4.06577
4.05589
3.71182
3.69223
3.69141
4.1249
4.17692
3.80677
3.97018
3.88827
3.65503
4.27383
4.02135
4.09551
3.99907
4.40126
3.99294
3.7417
3.98149
4.49634
4.31829
4.03462
3.77098
4.29462
4.41184
4.31881
3.87829
4.16861
4.01595
3.78021
4.72307
4.32854
4.13928
4.30837
4.22293
4.06647
3.92898
3.74948
3.81234
3.85842
4.32139
3.90653
4.13645
4.00384
4.37769
3.7916
4.16247
4.15755
3.78512
4.16064
4.08895
3.9078
4.19115
3.86737
3.89745
4.48923
4.1257
4.11492
4.56554
4.0413
4.21321
4.0867
4.0979
3.97879
4.39209
4.06352
4.42415
4.01722
3.98613
3.79035
4.32681
4.36826
4.16272
3.8952
4.35785
4.09865
4.23115
4.53372
4.22165
4.30133
4.04404
4.14865
4.35571
3.75897
4.43596
4.63451
4.44888
4.21645
4.0741
4.21697
4.09326
4.62956
3.91374
4.17226
4.11145
4.58856
4.0777
4.46303
4.30585
4.66981
4.37156
4.57272
4.47129
4.16366
4.26452
3.77469
4.50153
4.12592
4.19832
4.00926
3.97807
4.03072
3.97195
4.31773
3.72392
3.97188
3.87638
3.95139
4.06037
4.07319
3.70077
3.63152
4.23144
4.23532
4.24242
3.95898
3.92811
4.06529
4.38438
4.19891
4.13
4.04716
3.95206
4.43412
3.92153
4.38565
3.96001
4.46056
4.20333
3.96708
4.04583
4.4579
4.18325
3.8777
4.07878
4.10279
3.9918
4.37207
4.05857
4.27315
3.75784
3.9238
4.2432
3.8958
4.08147
3.93082
4.20155
4.4739
4.00017
4.05242
4.32299
3.99749
4.18198
4.27474
4.03846
4.16842
4.2073
4.09802
4.25085
4.15649
4.52986
4.5761
4.36199
4.19623
3.82111
4.34489
4.32075
4.22504
4.22654
4.56838
4.27426
4.38586
3.80607
3.87803
4.22261
3.85501
4.30671
4.22425
4.3991
4.30521
4.68205
4.01788
4.38063
4.56456
4.3661
4.37652
3.89899
4.25322
4.15721
4.56962
3.99947
4.21586
4.35394
4.37277
4.83386
4.10706
4.24175
4.17742
4.39933
4.31049
4.63596
4.15368
4.42571
4.07977
4.33436
4.52217
4.34427
4.46588
4.4302
4.26125
4.16793
4.75747
3.78391
4.17878
4.40616
4.24426
3.92931
3.94453
4.04806
4.17999
4.2619
4.39552
4.01184
4.03448
4.40478
4.26657
3.74456
4.20889
4.13815
4.17361
4.09532
3.98441
3.8121
3.77816
3.98725
4.15379
4.09782
3.90825
4.0837
4.2932
4.08535
4.20793
3.9423
4.53947
3.9126
4.02744
4.50082
4.52824
4.36482
4.16315
4.12882
4.32769
4.40206
3.81433
4.57052
4.1635
4.02433
3.92016
4.46879
3.95994
4.33391
4.28956
4.25696
4.24706
3.91404
4.47246
3.92592
4.03164
4.0806
3.67532
4.0969
4.2952
3.86558
4.27748
4.29103
3.79637
4.04263
4.13514
3.48137
3.8806
4.35936
4.01069
4.24633
4.01115
3.89454
4.01717
4.11288
3.63871
3.89063
3.85166
4.5145
4.18862
3.91353
4.5311
4.5732
3.91698
4.10221
3.86099
3.95188
4.16657
4.16661
3.99701
4.5009
4.22142
4.02439
4.34982
4.07701
3.83417
3.76497
4.07891
4.23286
4.45355
4.27281
4.04568
4.22418
4.28801
4.1005
3.79653
4.37161
4.09084
4.11652
4.16051
4.29937
3.93016
3.58366
3.93354
4.17175
4.21143
4.13351
4.0755
4.20327
4.06782
4.06492
4.38735
4.32728
3.66384
3.86177
4.12387
3.63667
4.18286
4.16582
4.48287
3.722
4.21881
4.24548
4.11573
4.11595
4.16182
4.37473
4.30583
3.83771
3.95387
4.18691
4.24836
3.80826
4.17232
4.09023
4.16656
4.11324
3.85201
4.29001
4.2434
4.07471
4.4486
4.28969
3.6777
4.39294
4.12437
4.15535
4.1583
4.07061
4.47098
4.24981
4.06263
4.0752
3.86921
4.44837
4.01268
3.94807
4.29211
3.8111
4.12957
4.24029
4.12611
4.24075
4.09581
4.20801
3.94085
3.78856
4.24165
4.09769
3.77871
4.28467
3.94474
4.2538
4.01169
4.0591
4.38446
4.20317
3.52962
4.22333
4.37388
4.24296
4.38214
3.91187
4.12158
4.17098
4.13642
3.89149
4.41419
4.49606
4.67542
4.13417
4.37443
4.25147
4.20255
3.89166
3.92729
4.19499
4.19272
4.19742
4.33694
4.33347
3.99373
3.82246
4.458
4.13616
4.07579
4.58202
3.93257
4.07432
3.88897
4.18649
4.05292
4.41717
4.12708
4.01831
4.02983
4.20321
4.34875
4.3553
4.82918
4.16413
3.96865
4.1034
4.34437
4.3271
4.32083
4.41112
4.26405
4.38336
3.58978
3.89368
4.25178
4.13928
4.45057
4.04762
4.14773
4.14643
4.08921
4.06203
4.1821
4.1904
4.37025
4.5585
4.20405
4.37441
4.2875
4.159
4.24954
4.45867
3.9133
4.14239
3.91991
3.91317
4.08041
4.53053
4.28473
3.58935
4.07577
4.19418
4.20832
4.22804
3.89055
4.49574
4.19533
4.10757
4.70719
4.4717
4.10777
4.41119
4.1876
4.54968
3.82995
4.28859
4.13099
4.40756
4.37462
4.04809
4.42571
4.46526
4.16966
4.06564
4.65307
4.13145
3.92841
4.2169
3.81475
3.83337
4.71102
4.23992
3.92115
4.67405
4.28092
4.17209
4.3302
4.43613
4.45181
3.93618
4.25031
4.52415
4.62186
4.11376
4.20158
4.05799
4.56393
3.90978
4.26772
4.90505
3.95067
4.27109
4.35433
4.2931
3.85776
4.10169
4.56355
3.97489
3.71968
4.13926
3.83609
4.42197
3.85544
4.18867
3.70959
3.91313
3.8089
4.14511
3.93321
3.63981
4.1663
3.8768
4.36703
3.69076
4.51145
4.15829
3.89392
4.19683
3.87243
3.97389
3.96236
4.23055
3.87244
3.99382
4.04638
3.95696
4.19196
4.1045
4.2293
3.79982
4.02047
3.79571
4.16522
3.86489
4.19056
3.93935
4.24063
4.20837
3.79379
3.88789
3.98743
4.11762
4.27795
4.39889
3.90503
3.97867
4.15847
3.69997
3.6213
3.70274
3.89496
3.96337
4.04479
4.11734
3.90056
4.0283
4.22101
4.27189
3.96638
4.01997
4.17473
4.07546
3.88351
4.0423
3.79151
4.0489
4.07013
3.65406
3.78463
3.98822
3.88893
4.06609
3.26229
4.12758
3.97298
3.96405
3.81766
3.78266
3.9904
2.86817
3.96628
4.2138
3.91564
3.32736
3.66212
4.13137
3.86192
4.35077
4.14617
3.85256
3.99867
3.97902
3.93431
4.02123
3.8498
4.01187
3.56951
3.71697
4.20602
3.68433
4.05299
4.08693
3.8485
3.80308
4.26331
4.246
3.91166
4.11944
3.95921
4.29282
3.27713
4.10265
4.11103
4.46597
4.30796
4.07994
4.1457
3.76829
3.75402
4.16092
3.63769
3.86357
3.9988
4.24507
3.88781
4.20425
4.22799
3.72853
3.63086
3.85247
3.71556
3.94967
3.89656
3.85743
4.09628
4.00674
3.96139
4.41505
4.19015
4.12498
3.97017
3.86713
3.91366
4.22324
3.5132
4.05824
4.2279
3.89417
4.06775
3.67681
3.89453
4.34355
3.65801
3.78407
4.04114
4.37852
4.26013
3.98735
4.20371
4.26171
4.20768
4.11286
3.96012
3.91611
3.93346
4.01202
3.86385
3.65981
3.94711
3.85243
4.07943
3.81352
4.01374
4.03679
3.78647
3.476
3.92877
3.74584
3.654
3.94571
4.06451
4.12875
4.16727
3.94281
4.24999
3.82349
4.14293
3.99377
4.29692
3.83223
3.74468
4.36308
4.1164
4.3946
3.98651
4.12196
3.66018
4.51715
3.83236
4.22684
3.89013
4.38071
3.84076
3.97718
4.05512
4.06985
4.17644
4.20725
3.7558
3.74531
3.95419
4.04731
3.86269
3.80535
4.11036
3.97173
4.01405
4.13339
3.92701
4.13234
3.5985
3.64369
3.83582
3.97644
3.99111
4.03163
4.34875
3.82335
3.99524
4.19769
3.86255
3.59588
4.1051
3.96297
4.16201
4.05611
3.90766
3.93132
4.48573
4.27183
4.25008
3.91106
3.71742
4.31356
3.94899
4.17096
4.46074
4.70262
4.19626
4.28935
4.58973
4.28449
4.20954
3.85237
4.51447
4.46626
4.46129
4.51126
4.31876
4.31402
4.16146
4.48686
4.19501
4.02224
4.68401
4.03554
4.58674
4.27346
4.00875
3.70033
4.34034
4.51503
4.38304
4.15691
4.23715
4.29432
4.17875
4.12633
4.06955
4.5236
4.16296
3.79333
3.80812
3.66602
3.63963
3.92441
3.82371
4.27958
3.77017
3.76588
4.1496
4.45833
3.91332
3.87991
4.22402
3.65385
4.14124
3.88764
4.37782
3.97994
3.83496
4.02619
4.38291
3.91768
4.14053
4.02683
4.18058
4.2805
4.05782
4.05963
3.84442
4.21878
4.28979
4.30107
4.07904
3.98313
4.346
3.74382
4.35676
4.10491
4.24703
3.98722
4.03988
3.98293
4.13821
3.74576
4.18718
4.09804
3.86358
4.21554
4.14591
3.97411
4.4726
3.87846
4.48703
4.16777
4.56787
4.33948
4.62072
4.41783
4.33513
3.95997
4.14393
4.44559
4.34934
4.34987
4.24713
4.24856
4.39436
4.42741
4.33479
4.08674
4.2698
4.03342
4.08624
4.29883
4.38254
4.23745
4.66002
4.45838
4.02992
4.4493
4.56078
4.16476
3.96593
4.67805
4.01432
4.29676
4.28235
3.87269
3.84703
3.95332
3.72248
4.19816
4.17069
4.10388
4.13208
4.1344
4.4756
4.06919
4.06128
4.05149
3.82334
4.40954
4.03584
3.7032
3.90212
4.50554
4.08437
3.82751
4.23347
3.83734
4.30621
4.45522
4.04204
3.76449
4.12975
4.06745
4.06734
3.93713
3.93598
3.9154
3.84684
4.23782
4.02954
3.97882
4.16499
4.19862
3.38886
3.99201
4.02958
3.77592
4.07353
4.32116
3.82995
4.24462
4.14904
4.41531
3.85718
4.13027
3.80176
4.25983
4.29332
3.85074
4.11703
4.31736
4.05903
3.40166
4.09796
4.38197
3.91014
4.24449
3.92544
4.56812
4.00947
3.62024
4.04334
4.37426
4.1275
3.89491
4.00108
3.82569
3.82684
4.1089
4.08043
4.30917
3.89555
4.00769
4.42059
3.9263
4.11986
4.02457
4.13407
4.08994
3.95802
4.09102
4.02224
3.84713
3.96471
4.25811
4.21463
4.53855
4.17176
4.08299
4.38409
4.05142
4.09095
4.20252
4.53139
4.12272
3.67142
4.23452
3.86004
4.39943
4.04937
4.00652
4.13714
4.30456
3.93549
4.20546
4.42468
4.22382
4.2245
4.0068
3.96828
4.0342
3.90009
4.17803
4.58594
4.12941
4.05484
3.87213
3.83409
4.17697
4.00059
4.69499
4.38272
3.93458
4.00562
4.63688
4.27454
4.07334
4.04183
4.34355
3.9114
3.95907
4.06641
4.62215
4.27765
4.28128
4.39134
4.15535
3.78285
3.86929
4.32608
4.25442
4.37712
4.16268
4.17049
4.16199
3.99228
3.83028
4.09572
4.00558
4.0017
4.4067
4.18295
4.23558
3.48799
4.00534
3.90478
3.86467
3.90786
4.46354
4.18876
3.86351
4.24068
4.42062
4.09729
3.97699
4.36852
3.96926
3.98129
4.08427
3.98361
4.26766
4.31591
3.786
4.42359
4.52876
3.93598
3.73127
4.1911
3.76899
4.15089
3.84514
4.21039
4.13439
4.1508
4.03053
4.12307
4.07615
4.16337
4.24483
4.25041
4.25796
3.78939
3.98285
4.22071
4.18223
3.96486
4.52885
3.50928
4.30972
4.53718
3.96043
4.01108
3.95117
3.8219
4.29585
4.23486
4.32733
3.81638
4.08526
3.871
4.29103
4.24128
4.246
3.88024
3.89932
4.3369
4.1874
3.62759
4.10705
3.87597
4.08731
4.25019
4.36181
4.28067
4.30373
4.02059
4.49284
4.06924
3.94873
4.07285
4.24326
4.38797
4.17083
3.8777
4.21273
3.83258
3.85116
4.05027
3.80225
4.0762
4.21293
4.14733
4.31435
4.15473
3.49626
4.06792
4.29919
3.90062
3.89379
3.67929
3.89517
3.79847
3.89015
4.20653
4.0019
4.02151
4.10488
4.06103
3.89918
4.28493
3.9053
4.41634
3.94916
4.24547
4.08673
3.93239
3.89248
4.24292
3.82758
4.46353
4.24999
4.04332
4.50671
4.31707
4.43049
4.68476
4.36692
4.09104
4.16494
4.10273
4.34522
4.51387
4.28992
4.09875
4.16478
4.15693
4.30611
4.42331
4.38221
4.20241
4.09413
4.45568
4.8794
4.49764
3.98048
4.69445
4.15042
3.7905
4.44662
4.14498
4.28646
4.28503
3.91322
4.4019
4.2581
4.17176
4.00295
4.04023
4.29492
4.14783
4.45839
4.43501
4.64823
4.44846
4.11556
3.95566
4.45128
3.90984
3.8412
4.2246
4.18577
4.01715
4.04259
4.26839
4.1632
4.54029
4.38005
4.5955
4.19075
4.34891
4.0355
4.24467
4.26826
4.08099
4.18993
3.83354
3.74626
3.71996
3.88744
4.15439
3.9609
3.87141
3.94828
3.89401
3.93276
3.74351
3.80427
3.97863
4.35328
4.07258
3.84027
3.82436
3.78982
4.02128
4.04456
3.8334
4.2218
3.96234
4.16543
3.94728
4.06226
4.21098
4.14577
4.01389
4.13786
3.82753
3.44861
3.63663
4.19266
4.59367
3.80127
4.16907
4.18349
4.50552
3.87394
4.03424
3.93814
4.33844
4.47648
4.27766
4.19091
4.04432
4.27802
4.47074
4.09655
4.28662
4.22091
3.97029
4.21804
3.89782
4.15013
4.15208
4.52218
3.94024
4.35777
4.38924
3.99608
3.82512
4.22346
3.74609
3.9818
4.33425
4.58221
4.2086
4.20201
4.21309
4.09996
3.98628
4.06411
3.84546
3.95882
4.05111
4.03337
4.30024
4.1273
3.84087
4.15148
4.46734
4.39248
4.12995
4.26452
4.61317
3.96599
4.07542
4.29717
4.10895
4.45668
4.29006
4.52245
4.13714
4.35714
4.47352
4.60416
3.90644
3.91591
4.21391
4.47464
4.01569
4.41693
4.16477
4.25684
4.20258
3.81883
4.25777
4.11719
4.38741
4.14086
4.23259
4.15818
4.3657
3.9258
4.33318
4.12857
4.18802
4.18391
4.08232
4.36349
4.14925
4.3529
4.20942
4.21119
4.00399
3.76597
4.57263
4.36015
4.10404
4.32862
4.2818
4.70608
4.30629
4.06662
4.50566
4.0314
3.69279
4.07697
4.16283
4.03733
3.77988
3.25801
3.87482
3.97708
4.61035
4.32885
4.1539
4.19272
3.97885
4.09375
4.01236
4.02506
4.12657
3.99113
3.80623
4.11874
4.2629
4.01054
4.02787
4.41061
4.00107
4.00415
3.85905
3.8503
3.93678
3.67278
4.10043
3.77076
3.85926
3.71606
3.77698
4.13865
3.988
3.8627
4.1439
3.6784
3.72844
3.97998
4.15622
3.90465
3.85091
3.80184
4.18837
4.58696
4.31104
4.03247
4.25495
3.98425
4.31922
4.00457
4.11792
3.87038
3.93236
4.10384
4.38708
4.31164
4.19039
4.09748
4.55087
4.03896
4.01914
4.6325
4.16119
4.20811
4.35865
4.45032
4.26793
4.0732
4.24184
3.78714
4.26331
4.2673
4.21969
4.37034
4.02128
4.02031
4.44755
4.25754
4.19148
3.76777
4.45702
3.84821
4.13687
3.98738
4.17512
3.98893
4.08678
4.37914
3.98999
4.31075
3.7395
4.14133
3.84755
3.76641
3.94464
3.67427
4.64401
4.09481
4.29891
4.12662
4.30131
4.18782
4.35527
3.9543
3.99525
4.16688
4.05912
3.92277
3.93213
3.78959
3.92203
3.98276
4.44802
3.94185
4.39955
4.1565
3.65526
3.51321
3.79353
4.33723
4.01601
4.35473
4.04638
4.17993
4.133
3.93555
3.79347
3.81705
3.64647
4.10051
3.93263
3.88492
3.82211
3.68776
4.03491
4.01768
3.96971
4.30044
4.06665
4.01664
4.20583
3.98519
4.32473
4.19303
4.14188
4.26935
4.23629
4.04592
4.13791
3.99818
3.70841
4.02287
4.1894
4.06227
3.76399
3.96795
4.33255
4.13697
4.52547
3.94402
4.04411
4.27304
4.10895
4.48565
4.38836
4.22096
4.39284
3.91457
4.23084
4.01003
4.06311
4.11064
4.18885
4.07549
4.30818
4.53278
4.27168
4.46969
4.50946
4.2526
4.05854
4.32049
4.05904
4.29806
4.00986
4.43675
3.58816
4.36676
4.14603
3.92558
4.00826
4.1221
3.79673
4.15557
4.23701
4.23566
4.07972
4.16107
4.34984
4.52981
4.23228
4.25879
4.15023
4.33007
3.95486
3.81413
4.32383
3.99595
4.19807
4.18523
3.98197
4.07782
3.91731
4.3363
4.0602
4.29483
3.98031
4.00465
4.44929
4.81314
4.04393
4.2121
3.85839
4.16343
4.22175
4.0801
4.33665
4.08439
4.05523
3.94525
4.10688
4.15505
3.8421
3.95193
4.43735
4.01761
3.73236
4.10794
4.01254
3.9287
4.14485
4.45151
4.33347
4.49886
3.82787
4.28537
4.01372
3.88112
3.94789
3.86191
4.02908
4.02884
4.25133
4.22663
3.87923
3.9796
4.60686
4.17552
4.47652
4.24773
4.10098
3.97875
3.98575
3.95396
3.974
3.94149
4.2046
4.01482
3.65386
4.37839
3.91836
4.14238
4.00769
4.13796
3.9273
4.21076
4.10741
3.97496
4.17201
4.12
4.50721
3.79475
4.15398
3.95132
3.90934
4.10371
4.04724
3.58059
3.82819
3.9876
3.89093
4.06212
4.31809
4.04573
3.86834
4.06124
3.9324
4.07905
4.00072
4.09557
4.20343
4.0954
4.23768
4.02431
4.03159
4.01616
3.9591
4.04997
4.22049
3.76423
4.16059
4.204
4.10088
4.18041
3.90447
4.18898
4.14321
4.20359
4.31178
4.26994
4.14341
4.1721
4.09781
4.27699
4.29032
4.35185
4.51316
4.58959
4.27652
3.75431
3.754
4.09472
4.16536
4.35263
4.11056
4.37911
4.06368
4.07303
3.67614
3.98908
3.89284
4.1547
3.6184
3.99387
4.03032
3.99885
3.95076
4.38899
4.09524
4.05045
3.86736
4.12783
3.90042
3.92979
3.68375
3.89473
3.93481
4.20744
4.14081
4.35939
4.27501
3.70894
4.17152
3.86011
3.85659
4.33805
4.38698
4.24555
4.45146
4.43855
4.0925
4.34644
4.01232
4.05079
4.3216
4.13594
4.13273
3.85984
4.20162
4.36751
4.28195
3.68754
3.67408
4.2845
4.36394
4.26133
4.41471
4.45773
4.53458
3.96224
4.33345
3.83312
4.44255
4.18097
4.27619
4.27111
4.17442
4.22503
4.12649
4.17011
4.40788
4.46057
3.90879
4.01831
4.13387
4.26794
3.89719
3.99775
4.11329
4.08292
4.34095
3.87899
3.61191
4.15906
4.18329
3.71098
4.11038
3.61356
4.30885
3.8632
