1.23336
1.56651
1.34455
1.20933
1.42015
1.20051
1.10726
1.02205
1.19292
1.15067
1.43306
1.47925
0.931071
1.51846
1.34977
1.28983
0.93485
1.15924
0.630225
1.18883
1.24783
0.82522
0.943506
1.56569
1.11417
1.3065
1.37239
1.01466
1.70763
0.714848
0.818961
1.44846
1.15616
1.36112
1.20282
1.25995
1.26163
1.70085
1.34114
1.18392
0.993023
1.53834
1.36075
1.44646
1.27066
0.835811
1.31815
1.02777
1.06375
1.37971
1.19753
1.14472
1.4639
1.09758
1.39836
0.97475
1.53396
1.53289
1.01212
1.08908
1.45916
1.72184
1.21995
1.40747
1.3149
1.02486
1.20718
1.21506
0.947816
1.42896
1.20667
1.30254
1.47973
1.17484
1.69166
1.32679
1.2857
1.40765
0.988708
1.53387
0.945606
1.12122
1.06228
1.36644
1.06327
1.2356
1.16338
0.926577
1.19365
1.19197
1.30953
1.47421
1.36031
1.65441
0.905795
1.07167
1.30625
1.41011
1.12257
1.05282
1.1505
1.03363
1.5118
1.09356
0.894532
1.00018
1.25035
1.15756
0.742796
1.34538
0.933085
1.19877
0.992704
1.04076
0.767661
0.998959
1.1796
0.828594
0.875127
1.24428
1.07865
1.18397
1.16283
1.25446
1.07024
1.17397
1.44444
1.12639
1.17544
1.35851
1.10444
1.26367
1.18487
1.51978
1.05925
1.03605
0.819541
1.13024
0.81831
1.22675
1.18095
0.881398
1.0838
1.14875
0.91407
1.09828
1.05103
1.30519
1.24896
1.09143
1.34853
1.02325
1.33373
0.607873
1.22542
1.50064
1.15945
0.92738
1.50015
1.34306
1.23326
0.827506
1.14812
1.16446
1.04639
0.914385
1.15304
1.24687
0.932804
1.39578
1.24274
0.996366
1.38272
0.415156
1.48143
1.03078
0.928202
1.73508
1.01904
1.33293
1.35706
1.37087
0.927218
1.14161
0.948321
1.30099
1.21526
1.23731
0.692195
1.20957
1.10239
1.39091
1.41103
0.987551
1.31245
1.53505
1.47136
0.929633
1.1365
1.41564
1.42516
1.14336
1.37758
1.38712
1.37355
1.43403
1.2237
1.03034
0.994774
1.02623
1.58887
1.35334
1.32253
1.39237
1.30283
1.3433
1.4074
1.00616
0.792354
1.68851
1.43925
1.42753
1.32377
1.42141
1.46249
1.42538
1.42026
1.40978
1.48228
1.18582
1.08924
1.2141
1.15749
1.33997
1.08284
1.197
0.979627
0.972047
0.942234
1.20469
1.51229
1.07075
1.08368
1.32217
1.23829
1.30554
1.22905
1.16327
1.16536
1.22197
1.20375
0.801215
1.29686
1.49323
1.26335
1.41292
1.39758
1.34991
0.959004
1.41358
1.35586
1.40136
0.847029
1.42886
1.18482
1.17733
0.976492
1.1588
1.04585
0.491085
1.25265
1.14321
1.41986
1.03492
1.73653
1.59431
1.56299
1.48404
1.2554
1.42343
1.35915
1.41423
1.56611
1.42385
1.27376
0.981374
1.08573
0.725204
1.08021
1.31969
1.63196
1.1256
1.39486
1.39259
1.03757
1.1773
1.15136
0.744297
1.2337
1.11587
1.51511
1.31914
1.46449
1.10765
0.663496
0.949062
1.2619
1.34283
0.803611
0.952928
1.53281
1.50331
1.25517
0.625688
1.0468
1.44424
1.20381
1.31899
1.15441
1.63504
1.40219
1.17231
1.1126
1.35196
1.48265
0.919067
1.23952
1.40646
1.10464
1.48749
1.22264
0.948171
0.773973
1.06622
1.06778
1.0686
1.2188
1.227
0.910072
0.968695
1.01679
0.961448
1.29066
1.25489
1.18509
1.31196
1.21406
1.06966
1.18495
1.15062
1.14834
1.18821
1.58431
1.36762
1.22466
1.52006
1.11589
1.61293
0.765591
1.25896
1.07303
1.17436
1.033
1.05575
1.37628
1.15826
1.20872
0.820965
1.14107
1.0773
1.35564
1.50291
1.35991
1.27184
1.39505
1.37995
1.07465
1.21294
1.21549
1.13207
1.09035
1.06839
1.39602
0.773436
1.33728
1.33968
1.44287
1.28044
1.5211
1.2512
1.63749
0.892968
1.14174
0.81293
1.07511
1.55154
0.939359
1.35965
1.1172
1.0615
1.02813
1.24288
1.05715
1.06325
1.09859
1.4066
1.1425
1.0325
0.932412
1.13729
1.11541
1.02234
1.31555
1.11645
1.84402
1.41717
1.41423
1.55055
0.844739
1.16893
1.37089
1.11088
1.53534
0.985294
1.40877
1.08577
1.11217
1.09288
1.35854
1.26166
1.35263
1.16086
1.0666
1.24881
1.35362
1.35155
1.12101
1.10261
1.5425
1.50445
1.58368
1.09114
1.1285
1.38882
1.43475
1.1472
1.18236
1.5013
1.03218
1.12228
1.18487
1.20878
1.40174
0.950694
1.18185
1.11744
0.887196
0.781305
1.32348
1.17452
1.42039
1.00822
1.00209
1.39212
0.89596
1.25441
1.04677
1.27173
1.28309
0.828923
1.17913
1.43165
1.35297
1.12947
1.49133
1.01874
1.11921
1.12144
0.977063
1.73309
1.2723
1.48981
1.53774
1.2372
1.42836
1.6487
1.21652
1.26437
1.06841
1.68773
1.59672
1.28632
1.52992
1.24316
1.66983
1.07639
1.30237
1.44115
1.39794
1.42092
1.38686
1.15483
0.898377
1.33827
1.34422
1.19022
1.05733
0.985304
1.33866
1.33276
1.2444
1.04911
1.55986
1.54359
1.00119
1.34619
1.18179
1.47897
1.55791
1.21309
1.5909
1.41658
1.44973
1.36829
1.37348
1.3009
1.04993
1.2122
0.868968
0.706639
1.1625
1.33874
1.22037
1.00222
0.955026
1.34661
1.39042
1.28348
1.21923
1.4821
1.36139
1.42714
1.42447
1.57135
1.20754
1.31452
1.36519
1.37968
1.2332
1.3721
1.49339
1.43
1.41402
1.32438
1.37426
1.53627
1.1129
1.20391
1.61196
1.63439
1.46491
1.35738
1.06302
1.62736
1.29397
0.902261
0.911591
1.34045
0.639225
1.45429
1.50491
1.23092
1.3284
1.2548
1.03684
1.44334
0.970087
1.27564
1.00863
1.11393
1.19312
1.36451
1.20269
0.921311
1.46016
1.33847
1.09367
0.900189
1.2671
1.0628
1.02402
1.01328
1.18153
1.13994
1.23031
0.970646
1.29859
1.12153
1.19812
1.47978
0.997036
1.66056
1.38481
1.1069
1.13392
1.25985
1.07851
1.43523
1.59396
1.56672
1.04141
1.08902
0.990208
0.90394
1.25747
1.10475
1.29166
1.33986
0.997093
1.18047
1.2175
1.44948
1.38201
1.34205
1.22913
1.58303
1.59709
1.7421
0.878151
1.10753
1.37003
1.34908
1.04845
1.30907
1.53215
1.18358
1.36863
1.3886
0.93383
1.36475
1.07291
1.49042
1.05254
0.969913
1.13267
1.22986
1.31185
1.58476
0.943831
1.35519
1.26603
1.29526
1.08701
1.18879
0.768353
1.21321
1.40554
1.13232
1.25901
1.45426
1.22054
1.53091
1.3937
1.36538
1.31506
1.37025
1.48653
1.24655
1.14514
1.41259
1.5377
1.39148
1.01428
1.1467
1.23414
1.16984
1.3382
1.06398
1.14366
0.802031
1.16433
1.14107
0.796864
0.913354
1.29272
1.38531
1.26418
0.832662
1.27275
1.12106
1.30483
1.34075
1.22201
1.65955
1.08377
1.10739
0.93515
1.43744
1.46039
0.926779
1.4887
1.19401
1.19802
1.24643
1.20438
0.839175
0.989865
1.28531
1.30055
1.13482
1.18215
1.14279
0.801647
0.617339
1.28334
1.1181
1.09173
1.36446
1.09722
1.4165
0.922693
1.31846
1.617
1.15899
1.23459
1.57196
1.68661
1.22971
1.30327
1.29825
1.09933
1.25355
0.604225
1.30049
1.34879
1.05085
1.37777
1.37952
1.28202
1.38891
0.990279
1.1397
1.05569
1.09341
1.53749
1.23496
1.13264
1.23196
1.48318
1.26658
1.11189
1.08519
1.05376
0.879793
1.4194
0.960039
1.47757
1.22175
1.45472
1.307
1.05984
1.21346
1.53657
1.4743
0.868289
1.61179
0.954334
1.13447
1.18711
1.33847
1.32388
0.821066
0.790971
1.10248
1.13594
1.22953
0.96825
0.876207
0.970283
1.35949
0.563647
0.992436
1.00811
0.975089
1.72317
1.14908
1.3509
1.4395
0.896346
1.10567
1.23247
1.1799
1.25383
1.18975
1.40191
1.12133
1.32542
1.28243
1.62092
1.41722
1.45601
1.03753
0.859016
1.14372
0.897245
1.2155
1.11555
1.04138
1.44703
1.22091
1.435
1.02756
1.40027
1.59755
1.33745
1.31497
1.40802
1.45473
0.781117
1.29569
0.61719
1.15904
1.073
1.05054
0.906927
1.39665
0.927496
1.21914
1.52555
1.12622
1.58113
1.00118
1.10149
1.26023
1.10118
1.47738
0.590719
1.20623
1.18014
0.897249
0.895622
1.20318
0.901781
0.981241
0.995543
1.17148
1.0518
1.1141
1.25026
1.7484
1.11277
1.26793
1.37226
1.02555
1.40367
1.59621
1.10404
1.63682
1.45879
0.984196
1.57893
0.926138
1.12605
1.09582
1.30601
1.4461
1.28859
0.643107
0.863216
1.40489
1.1399
0.755256
0.785374
0.948952
1.75238
1.43129
1.37894
1.28324
0.848953
1.65351
0.92
1.30582
1.39757
1.04411
1.38563
1.16867
1.37678
1.07275
1.47424
1.35105
0.961468
1.35865
0.81457
1.24625
1.01663
1.15275
1.02162
0.758146
1.65322
1.31677
1.07375
1.15261
1.56269
1.32216
1.00593
1.30592
1.19679
1.18006
1.40369
1.46494
1.16088
1.31008
1.13347
1.18166
1.13227
1.07145
1.31169
1.17914
1.27025
0.984353
1.55435
1.14665
0.759267
0.851033
1.22008
1.14464
0.996159
1.2599
0.991151
1.15247
1.23153
1.19523
0.993657
0.583913
0.863412
1.23969
1.3106
1.01245
1.10728
1.69036
1.08584
1.33483
1.42674
0.922361
1.1711
1.45762
1.61766
1.24242
1.50764
1.17915
1.71771
1.21408
1.46969
1.27852
0.948433
1.33032
1.35926
1.2626
1.43194
1.61761
1.58945
1.64479
1.35076
1.44209
1.16392
1.05816
1.18469
1.6112
1.65074
1.39901
1.74548
1.21579
1.55679
0.731419
1.04522
0.938969
1.52954
0.943803
1.33053
1.09815
1.42752
1.30634
1.2291
1.49563
1.6596
1.5713
1.06235
1.58609
1.36939
1.44692
0.788783
1.3926
1.63379
1.2491
1.19296
1.71482
1.58032
1.62468
1.42671
1.64608
1.25603
1.03973
1.24587
1.70082
1.30338
1.32521
1.50067
1.38662
1.03576
1.44876
1.24336
1.67705
1.3332
1.34339
1.72118
1.46198
1.0424
1.25712
1.80037
1.39379
1.48717
1.58107
1.36856
1.50876
1.76264
1.48634
1.44622
1.55428
1.26
1.20075
0.969909
1.15075
1.69288
1.39787
1.53366
1.43946
1.15988
1.25884
0.871167
0.8334
1.16155
1.42502
1.13298
0.858635
1.17649
1.18475
1.29744
0.960739
0.921713
0.987906
1.15397
1.6459
1.49891
1.44892
1.34706
0.994405
1.28653
1.43452
1.71473
1.40846
0.712598
0.932398
1.12781
1.16161
1.31333
1.43345
1.1648
1.24684
1.27089
0.853766
1.46342
1.32621
1.36025
1.24501
1.05872
1.67187
1.50622
1.51956
0.788695
1.38593
1.52023
1.28531
1.13513
1.34679
1.24236
1.31861
1.19696
1.13044
1.2987
1.149
1.23377
1.36848
1.09905
0.979283
1.39376
1.33768
1.17199
1.72137
0.41882
1.4856
0.945631
1.32202
1.45382
0.937607
1.1791
1.23557
1.39872
1.00839
1.32397
1.10632
1.2082
1.33893
1.40093
1.2276
1.13613
1.35464
1.71132
1.50075
1.06686
1.55209
1.46313
1.53599
1.27066
1.62485
1.29379
1.45449
1.13587
1.70278
1.45964
1.21682
1.06077
1.45869
1.2177
1.07435
1.1838
1.47811
1.54173
1.25706
1.32665
1.26918
1.47647
1.45796
1.64299
0.838669
1.63326
1.15779
1.12385
1.56051
1.53458
1.0164
1.60701
1.62581
1.53047
1.45985
1.89042
1.24331
1.14678
1.31209
1.3045
1.183
1.42477
1.51906
1.01249
1.25695
1.54821
1.2812
0.926106
1.65975
1.80335
1.57747
1.59243
1.68009
0.785385
1.33698
0.847355
1.3228
1.35061
1.30382
1.37449
1.60747
1.04354
1.27427
1.70185
1.38768
1.2008
1.49336
1.51565
1.78109
1.53285
1.97081
1.38562
1.34839
1.38931
1.3568
1.16725
1.39005
1.33966
1.77874
1.38136
1.5311
1.41054
1.21621
1.4738
1.35789
1.16293
1.57788
0.943834
1.37429
1.45887
1.38201
1.08573
1.45065
0.970546
1.21022
0.820867
1.18653
1.18701
1.18887
1.0059
1.12169
1.4154
1.42981
1.3927
1.2839
1.45667
0.923295
1.03961
1.63046
1.22184
1.24155
1.31055
1.01543
1.01615
1.62631
1.35137
1.18535
0.852519
1.3909
1.11915
0.98131
1.29285
1.01099
1.35655
0.966213
1.11747
1.26407
1.07565
1.37285
0.994326
0.818066
1.27815
1.04072
1.14503
1.44985
1.16058
0.996435
1.37088
1.68713
1.20077
0.89167
1.39559
1.10996
1.44877
1.07481
0.889494
1.36942
0.998219
1.16954
1.28551
1.24397
1.26845
1.24624
1.39368
1.51515
0.722825
1.92732
1.25933
1.52635
1.35135
1.33506
1.07111
1.30883
1.17344
1.44635
1.37162
0.891932
0.93891
1.47598
0.914883
1.44205
1.28014
1.2808
1.19659
1.61636
1.222
1.26131
1.23722
1.31355
0.952901
1.27702
1.44459
1.37428
1.13458
0.775937
1.02518
1.51626
1.02631
1.10602
1.01341
1.47993
1.66726
1.30444
1.12107
1.13797
1.51824
1.04373
1.33771
1.45771
0.791164
1.31716
1.06654
1.14884
0.687114
0.893343
0.921539
0.902336
1.37179
1.01731
1.10909
1.29874
1.00615
1.07884
1.16067
1.38619
1.38278
1.21658
1.20802
1.05752
0.941689
1.09338
1.14783
0.974346
1.10382
1.46597
1.31108
1.50856
1.09436
1.4969
1.03905
1.39676
0.660243
1.21733
0.956699
0.669458
1.1991
1.13791
1.12606
0.878357
0.90294
1.27527
1.10899
1.45468
1.29351
1.24398
1.31639
1.30468
1.10409
1.29486
1.18858
1.25725
1.1479
1.22923
1.10495
0.74494
1.23715
1.29996
1.4404
1.29679
1.31247
1.13733
1.5421
1.32437
1.12711
1.03594
1.3178
1.40996
1.55874
1.00675
1.16438
1.43912
1.52482
1.73752
1.37131
1.77852
1.23161
1.20717
1.21519
1.62443
1.33862
1.32653
1.54137
1.50195
1.22322
1.25659
1.2175
0.768503
1.24285
1.16899
1.30766
1.39138
1.23635
1.33803
1.14749
1.29986
1.48972
1.40609
1.33702
1.49031
1.42893
1.73289
0.975447
1.00415
1.57168
1.57234
1.14883
1.62317
1.8844
1.31421
1.12244
1.53446
1.29053
1.49766
0.693634
1.57621
1.39071
1.09826
1.21908
1.50458
1.37197
1.29392
1.08645
1.37176
1.51274
1.07406
1.58078
1.54823
1.21891
1.43365
1.56252
1.476
1.39174
1.52035
1.48567
1.54613
1.50166
1.15064
1.49288
1.29014
1.41305
1.43441
1.39877
1.38644
1.78084
1.63034
0.87521
1.09961
1.26551
1.1928
0.970389
1.0638
0.990536
1.49206
0.864028
0.946058
0.702267
0.853923
1.61316
1.26101
1.20915
1.32743
1.09003
1.27189
1.13347
1.58132
1.36988
1.14142
1.30359
1.3193
1.33231
1.48108
1.58555
1.23266
1.33078
0.966117
0.906342
1.36233
0.926353
0.935779
1.16957
1.29613
1.5241
1.14766
1.31769
1.01576
1.51465
1.34256
1.12839
1.12474
1.3294
1.36932
1.29277
1.29081
0.996685
1.25557
1.26948
1.33579
0.94078
1.34469
1.28231
1.51295
1.43204
1.28377
1.78137
0.896498
1.33602
0.991548
1.36359
1.49497
0.955177
1.32729
1.16355
1.46742
0.901903
0.826449
0.511279
1.1728
0.923
1.20465
1.21296
1.20577
1.34026
1.62641
1.31661
1.1926
1.47268
1.40919
1.28104
1.25171
1.10809
0.779434
0.434174
0.813307
1.01678
1.13005
0.755345
0.911776
0.828377
0.914509
1.17619
1.02213
1.08902
1.35315
0.871321
0.906329
1.37666
1.2799
0.828773
1.25829
0.907574
0.813107
1.09667
1.43292
1.24198
0.991213
1.27055
0.867351
0.839735
1.16313
1.07235
1.0655
0.983034
1.05255
1.13339
0.996176
1.16333
0.654734
1.21086
1.40417
0.998759
1.01094
1.17088
1.17522
0.96211
1.07445
0.817406
0.943126
0.938343
1.27586
0.877164
1.10704
0.718341
1.24665
1.21559
1.01342
1.52714
0.82645
1.44832
1.09477
1.16875
1.67329
0.603057
1.06906
0.959202
1.24822
0.406807
1.13005
0.802018
1.18969
1.08324
1.09644
1.14698
1.07688
1.21618
1.47058
1.08573
0.774612
1.06641
1.26087
1.08007
0.863692
1.35718
1.4748
1.24218
0.883015
1.55887
1.28643
1.40098
1.29417
1.05611
1.83537
1.3372
1.07399
1.26227
1.18396
1.5055
0.876069
1.54555
1.54355
1.179
1.4035
1.40934
0.875831
0.913889
1.26294
1.27324
1.07805
1.11481
1.24734
0.797877
0.970043
1.34852
1.34279
1.28881
1.58214
1.26868
1.60394
1.12549
1.46538
1.44809
1.10066
1.11431
1.54238
1.5792
1.32154
1.40624
1.46775
0.949439
1.44478
0.760858
1.21831
1.32757
1.26671
1.39839
1.15582
1.33169
1.54201
0.981506
1.10268
1.0323
1.02125
1.24247
1.20168
1.31707
1.50825
1.32298
1.21951
0.952502
1.16862
0.991945
1.16825
1.19943
0.819019
1.50962
1.09467
1.51494
1.38233
1.28409
1.54523
1.52058
1.48872
1.30555
1.3714
1.1004
0.721899
1.437
1.25518
1.37044
1.47049
0.999982
1.73016
0.832319
0.646725
1.35248
1.29259
1.26645
1.08342
1.24926
1.40969
1.58583
1.44137
1.27309
0.713279
1.37212
1.18534
1.28067
1.25705
0.64544
1.41611
0.88983
1.01232
1.21628
1.14233
1.37805
1.34077
1.0693
1.50179
1.04461
1.30426
1.32854
1.0608
0.906094
1.36309
1.83325
1.23489
1.25768
1.48428
0.927184
1.51988
0.998762
0.960717
1.36983
1.19986
1.19503
1.33849
1.37074
1.55519
1.28033
1.17154
1.42199
0.878762
1.43865
1.24076
1.21033
1.20626
1.43309
1.1603
1.03828
1.17793
1.12646
1.27164
0.998863
1.1503
1.56686
1.15236
1.49774
1.09955
1.23227
1.34835
1.62401
1.14626
0.703771
1.2405
1.17191
1.36664
1.25722
1.4321
1.20023
0.929808
1.15678
1.00754
0.976916
1.30607
1.31505
1.13938
1.29982
1.56579
1.02254
1.35257
0.677092
0.979823
1.13449
1.57163
1.10417
1.06591
1.28609
1.0657
0.880039
1.1789
1.29617
1.28377
1.55255
1.18324
1.33585
1.03268
1.33467
0.634464
1.20664
1.41757
1.28353
1.00521
1.60886
1.23601
1.22237
1.11689
1.07091
1.08961
0.778617
1.23676
1.28035
1.35469
1.18149
1.48159
1.32547
0.832006
1.36641
0.906032
1.65316
1.25415
1.26514
1.73467
1.08514
1.14638
1.31414
1.49341
0.829635
1.02077
1.08218
1.45446
1.30936
1.46747
1.11672
1.04788
1.40492
1.04326
1.06117
1.00939
1.06288
1.42565
1.28717
1.02414
1.14437
1.09879
0.962738
0.998427
0.920243
0.930633
1.13404
1.19522
1.24011
1.45382
1.01202
0.839545
1.51388
1.35372
0.995109
1.20448
0.897712
0.822674
1.29518
1.58106
1.28077
0.983918
1.42214
1.00364
0.764051
1.39195
1.33486
1.07212
1.2129
1.17693
1.21889
1.15232
1.24018
0.751076
1.10206
1.33529
1.28443
1.05561
1.2156
1.10654
1.04652
1.01142
0.801114
1.15221
0.980617
1.40577
1.07295
1.15283
0.891944
1.25491
1.30971
0.987183
1.47876
0.880216
1.56876
1.26577
1.31341
1.72716
0.866564
1.1797
1.0873
1.30471
0.582329
1.19193
0.952418
1.44776
1.31223
1.22053
1.27117
0.884507
1.29562
1.3909
1.13839
1.06879
1.12591
1.28815
1.15822
0.840536
1.26264
1.035
0.703771
0.839374
0.813791
1.47565
1.21999
1.16714
1.36238
0.666609
1.35987
1.17653
1.03799
1.15276
1.30725
1.25917
0.868885
1.27456
1.26452
1.2729
1.22725
1.05856
1.09875
0.896739
1.16857
1.14117
1.08108
0.869844
0.801583
1.3873
1.19073
0.982482
1.02131
1.39455
1.23136
0.851143
1.16323
0.956049
1.12182
1.20031
1.38071
1.07727
1.0496
1.05634
1.31237
0.923003
0.935125
1.07606
0.979907
1.13888
0.917758
1.50977
1.22469
0.964832
1.0583
1.15557
1.27917
0.780734
1.08021
0.749463
1.06307
0.925011
1.2304
1.02923
0.72313
1.01722
1.03867
1.38496
0.987632
1.083
1.59707
0.797051
1.13076
1.18168
0.875005
0.809421
1.02788
1.17404
0.93711
1.08833
0.634313
1.45789
0.993153
0.769804
0.981582
1.11495
1.21881
0.729921
1.01648
1.23755
1.09246
1.23148
0.918255
0.88277
1.03524
0.955936
0.996917
0.955484
0.813536
0.909
0.883446
0.87299
0.737588
0.89078
1.0173
1.19226
0.960593
1.06253
0.894434
0.950534
0.871509
0.967076
0.835804
0.997687
1.39036
1.16139
1.06355
1.2033
0.954693
1.25796
0.817267
0.9557
0.947013
1.10499
0.807487
1.06109
0.995912
1.13432
1.09297
0.674856
1.07734
0.917618
1.10861
1.19913
1.02532
0.852545
1.22152
1.08985
0.775166
0.940158
0.953808
0.95514
0.935934
1.09776
1.0153
0.814594
1.14822
0.78887
1.24317
1.04238
1.20706
0.819284
1.47548
1.05091
1.2879
1.31477
1.10259
1.54649
1.47849
1.33572
1.36263
1.21459
1.53163
1.08052
1.04666
1.16163
1.27973
0.762026
1.30146
1.20458
0.992986
0.865305
1.36293
1.41229
1.08008
1.33033
1.41528
0.999454
0.897831
1.27115
0.907359
1.28417
1.10677
1.1671
0.614466
1.22978
1.39301
1.30103
0.936312
1.29608
1.28404
1.05403
1.33066
1.2902
1.4848
1.26613
1.40645
0.859517
0.870723
0.840837
1.09383
1.26719
0.93641
1.29804
1.29209
1.38555
1.36978
1.7792
1.51119
1.36815
1.11311
1.40744
1.24123
1.47156
1.37106
1.62201
1.41472
1.23384
1.41746
1.09062
0.927679
1.26743
1.33092
1.43289
0.934597
1.43233
1.13542
1.04283
1.13369
1.08645
1.6488
1.2782
1.40911
1.33552
1.16418
1.01481
1.5205
1.50663
1.26675
1.32873
1.37469
1.11177
1.43924
1.49077
1.71244
1.57387
1.65315
1.05895
1.03771
1.29026
1.04753
1.31249
1.19744
1.21394
1.48788
1.41709
1.61727
1.05923
1.51459
1.78159
1.38977
1.48315
1.48607
1.53275
0.823717
1.57224
0.702506
1.10323
1.138
1.32774
1.1797
1.4542
0.884252
1.46475
1.6169
1.39439
1.84013
1.09343
1.43419
1.28371
1.49994
1.58118
0.606623
1.00391
1.14776
1.27285
0.836227
1.30676
1.03911
1.14025
1.05768
1.46048
1.38542
1.34566
1.5922
1.84392
1.24541
1.0557
1.35736
1.2559
1.48349
0.785116
1.03033
1.50387
1.50191
1.42562
1.30308
0.899774
1.37117
1.38181
1.30557
1.30037
1.01336
1.26347
0.923812
1.3723
1.32107
1.38785
1.16616
1.18001
1.25621
0.885428
1.49833
1.27268
0.970284
0.678316
0.965486
1.46178
1.41336
1.05061
1.0671
1.31947
1.20021
1.04997
1.2247
0.709242
1.15669
1.37741
1.32274
1.16753
1.31889
1.30852
1.44405
1.17297
0.764913
1.05456
1.02181
1.22339
1.18884
1.62308
1.12649
1.10568
1.00123
1.40454
1.34371
1.06331
1.15787
0.646642
1.3495
1.09239
1.35438
1.05177
1.04502
1.13378
1.17095
1.57067
1.00018
1.16811
1.71654
1.20679
1.2154
1.32348
1.18806
0.988815
0.9827
1.30237
1.46331
1.38393
1.42766
0.838583
1.44396
1.2115
1.40807
1.0796
1.14778
1.21654
1.13973
1.44535
1.3369
1.4142
0.997269
1.11098
1.2857
0.778215
1.35145
1.08254
0.917952
0.994276
1.11288
1.35228
1.07728
0.87196
1.09193
1.48824
1.27451
0.898068
1.23022
1.10361
0.871161
1.39645
1.29512
1.04898
1.25196
1.15684
1.4634
0.964171
1.0602
1.2134
1.40312
1.11594
1.09009
1.58655
1.01834
1.31317
0.793093
1.39558
1.6391
0.953197
1.44038
1.09768
1.36001
0.846761
1.07627
0.651662
1.16857
0.897384
1.13204
1.26425
1.02634
1.11638
1.55145
1.29382
1.15942
1.29308
1.17763
1.07584
1.38363
1.09235
0.807176
1.13609
1.02835
1.07137
0.957135
1.20177
1.31633
1.1689
1.17735
0.930382
1.18534
1.30936
1.10328
1.11966
1.17287
0.745868
0.788499
1.05451
1.12188
0.81462
1.2424
1.11957
1.33711
1.09146
1.21215
0.925895
1.1158
0.894954
1.09258
0.918525
1.14156
1.17682
1.093
1.25232
1.02009
0.889566
1.09403
1.13968
0.979874
1.07811
1.22722
1.05266
1.11846
0.91822
1.34064
1.10024
1.0177
1.12999
1.18327
1.06769
1.02331
0.977074
1.00525
1.17967
0.862029
0.633254
0.929194
1.05725
1.07882
1.07738
1.21229
0.846317
1.11485
1.12411
0.643451
1.25344
1.11638
1.05201
0.842045
1.66978
1.48287
1.43066
1.65628
1.34108
1.76478
1.56112
0.80011
1.68396
1.26104
0.98487
1.65194
1.65057
1.10285
1.05781
1.59918
1.54359
1.29568
1.406
1.58124
1.15059
1.41096
1.61414
0.812428
1.22861
1.16528
1.35367
1.17739
1.50454
1.37313
1.57621
1.39557
1.13131
1.48884
1.56029
1.4403
1.19972
1.4398
1.75264
1.58083
1.24917
1.25257
1.58115
1.12244
1.45673
1.30962
1.57062
1.86252
1.43498
1.87306
2.16264
1.59131
1.48836
1.4096
1.82182
1.08152
1.4135
1.40898
1.91239
1.42973
1.61972
1.6643
1.39184
1.46726
1.06003
1.42321
1.27895
0.714659
1.61652
1.16259
0.717377
1.44705
1.49947
1.35751
1.12753
1.40556
1.23106
1.74267
1.28002
1.32603
0.999688
1.75916
1.42453
1.38347
1.38607
0.807681
1.30144
1.18706
0.98723
1.29811
1.38626
1.33268
1.42413
0.833303
1.3739
0.880152
1.44498
1.51752
1.26696
0.977306
1.67326
1.88811
1.34521
1.12726
1.30678
1.32029
1.22369
1.18867
0.995643
1.65651
1.39248
1.48519
1.71109
1.16993
1.60278
1.28859
1.48463
1.55718
0.982052
1.81851
1.25414
1.33127
1.19052
1.63716
1.19509
1.09007
1.01416
1.33493
1.2168
1.33141
1.22743
1.45999
1.44623
1.45722
1.0284
1.22213
1.27676
1.66276
1.25505
1.19633
1.43334
1.32648
0.974225
1.45717
1.33096
1.58379
1.1674
1.22152
0.783624
1.55471
0.998182
1.13727
1.12693
0.646047
1.29332
1.02566
1.10772
1.08688
1.33979
1.37189
1.34989
0.914183
1.32435
0.877613
1.27622
1.10572
0.984069
0.702072
1.41927
1.67386
1.43614
1.20238
1.50527
0.999644
1.35196
1.16876
1.0805
1.34139
1.40699
1.3588
1.2898
1.1926
1.49935
1.23816
1.36598
1.32266
1.08118
1.47808
1.35961
1.15794
1.14023
1.67269
1.12654
0.747621
1.07199
1.26896
1.24252
1.19596
1.25229
1.41834
1.27244
1.12198
0.960417
1.13715
1.19628
1.66481
0.961635
1.71671
1.58036
1.14652
1.77249
1.34051
1.17409
1.14003
1.03831
1.25941
1.19458
1.17715
1.44494
1.22024
1.41051
1.10205
1.14439
1.13754
1.24299
1.36604
1.13363
1.50898
1.43929
1.41868
1.06153
1.31109
1.4983
1.27731
1.44782
1.54366
1.48701
1.49124
1.68325
1.44772
1.16049
1.22718
1.13121
1.73074
1.18456
1.32831
1.47602
1.32782
1.32988
1.43174
1.27271
1.30266
0.989752
1.6824
1.33145
1.51358
0.766928
1.07948
1.79653
1.42266
1.134
1.36288
1.23145
1.00576
1.81141
1.56423
1.36793
1.55429
1.18961
1.18879
1.09392
1.02214
1.50912
1.35002
1.36418
1.38117
1.17472
1.37127
1.20572
1.35433
1.13673
1.33242
1.25541
1.39979
1.15572
1.18936
1.24219
0.996192
1.31867
1.37843
1.29936
1.09836
1.06087
1.54107
1.37156
1.2878
1.15517
1.47362
1.34503
1.08383
1.1768
1.0774
1.07273
1.24038
1.28816
1.16054
1.1684
1.2593
1.36664
0.943048
1.04277
1.07796
1.09785
1.11672
1.04821
1.61474
1.06927
1.19243
1.15689
1.07919
1.42293
0.756436
1.43148
1.25706
0.876093
0.907942
1.37657
1.14204
1.01397
1.3578
0.893916
1.20417
1.06985
0.987658
1.78109
1.25118
1.34612
1.53835
1.05389
1.20953
1.75751
1.28232
1.31969
1.50702
1.46671
1.0371
1.44916
1.65568
1.42853
1.31685
1.87481
0.876671
1.2532
1.33715
1.47425
1.16273
1.38862
1.64833
1.09217
1.38984
1.72586
1.21477
0.960044
1.50441
1.64851
1.34398
1.36173
1.58347
0.692263
1.32782
0.979952
1.00555
1.50128
1.43981
1.21335
1.44543
0.88188
1.24951
1.47613
1.51022
1.53146
1.32009
1.62766
1.70706
1.50336
1.78707
1.16567
1.25759
1.41965
1.29475
0.796107
1.28526
1.31867
1.73514
1.57077
1.25521
1.39637
1.31937
1.43835
1.48455
1.26731
1.42923
1.2213
1.4949
1.36798
1.44981
1.45339
1.28374
1.37443
1.40014
1.09494
1.14697
1.26368
1.27116
0.847951
1.2533
1.06719
0.980707
0.839145
1.15478
1.37343
1.11258
1.59907
0.992455
1.17011
1.11786
1.47835
1.22076
1.08823
1.08939
1.57249
1.54242
1.57035
1.31055
1.46049
1.3178
1.26792
0.858257
1.20953
1.3841
1.58561
1.38665
1.33446
1.01593
1.31748
1.20825
0.905145
1.05573
1.02133
1.32
1.43167
1.41235
1.30906
1.49431
1.43225
0.794424
1.00857
0.99177
0.918491
1.3268
1.02493
1.25658
1.08186
1.25084
1.09755
1.4455
1.3721
1.39365
1.25925
1.3045
1.65388
1.79199
1.12509
1.54759
1.37584
1.37652
1.31569
1.58803
1.2951
1.29846
1.21031
1.38724
1.13043
1.11356
1.4199
1.07452
1.21578
1.25339
1.50835
1.097
1.31267
1.50052
1.44683
1.1504
1.55543
1.09406
1.31149
1.26393
1.289
1.59488
1.33409
1.01179
1.34265
1.20333
0.743861
1.36561
1.2873
1.09609
1.6862
1.00186
1.74353
1.14629
1.74417
1.39003
1.61831
1.34132
0.914995
1.28079
1.47551
1.40694
1.49335
1.45091
0.908463
1.37092
1.20011
0.871565
1.54852
1.04175
1.78875
1.20333
1.11055
1.08097
1.56832
1.12339
0.903095
1.36108
1.42044
1.21838
1.07101
1.35515
1.3681
1.0748
1.08146
1.06108
1.17088
1.08943
1.20951
0.788956
0.841187
0.944485
1.04558
1.27095
1.64474
1.11576
1.43483
1.43182
1.23717
1.20979
1.32601
1.09733
1.11386
1.06175
1.38126
1.21871
1.28666
0.938941
1.46451
1.24186
1.17583
1.27103
1.28965
1.59172
1.22274
1.45107
2.08601
1.16202
1.35461
1.18544
1.52404
0.896215
1.34098
1.05636
1.49745
0.987837
1.4255
1.27691
1.31592
1.28348
1.29892
1.24343
0.949722
0.658276
1.38253
1.18453
1.13345
1.11185
1.31998
0.976291
1.30829
1.19471
1.16703
1.53606
0.772981
1.43359
1.42338
1.31567
1.34837
1.02158
1.71315
1.63276
1.48729
1.06837
1.21432
1.35505
1.45757
1.3052
1.33433
1.13818
1.44228
1.3115
1.29454
1.39855
1.27207
1.07496
1.61881
0.959117
1.18939
1.21121
1.21746
1.12654
1.38998
0.795321
1.19684
0.952179
1.41442
1.19759
1.33889
1.23647
1.33191
1.34884
1.35508
1.33266
1.3459
1.26279
1.37461
1.52036
1.28681
0.947603
1.20472
1.50324
1.46641
1.4374
1.5064
1.32162
1.55442
0.942762
1.01667
1.47935
1.02194
1.0429
1.01163
1.35063
0.922616
1.37458
1.42305
1.42916
1.44006
0.96019
1.55357
1.31457
1.28864
0.488546
1.31059
1.46529
1.1558
1.0308
1.51475
1.18772
1.54604
1.19373
1.36914
1.26912
0.844807
1.29465
1.55913
1.08822
1.17921
1.49623
1.252
0.888114
1.49812
0.757401
1.68056
0.985379
1.37772
1.65589
1.23184
1.04444
1.15094
1.71205
1.1105
1.30258
1.26032
1.35117
1.37031
1.63622
1.35772
1.13396
1.4581
1.25312
1.2954
0.802204
1.19535
1.57716
1.35421
1.23481
1.1645
0.902458
1.06325
1.23472
1.20203
0.77115
1.10313
1.31332
1.06539
1.03124
0.877567
1.06076
1.27081
1.11649
0.866081
0.824634
1.26115
1.1952
1.24129
1.02858
0.998288
0.998888
1.29134
1.00402
0.907322
0.954787
1.19013
1.34684
0.753412
0.72273
0.859371
1.00889
0.916166
1.08175
1.15097
1.21109
1.15555
1.36796
1.42631
1.07066
0.7672
0.831488
1.19334
0.91036
1.29153
1.28091
1.22917
1.20012
1.34228
1.40469
0.831457
1.15446
1.16057
0.830812
1.04473
0.669406
1.00454
0.953793
1.28522
0.935438
1.00849
0.928446
0.9936
1.31973
1.04902
1.16999
1.36075
1.21828
1.22704
1.4602
1.14052
1.44315
0.736704
1.24357
1.331
1.00769
0.673198
1.42036
1.70094
1.49479
0.997862
1.62188
1.11262
1.40548
0.904823
1.26122
1.19565
1.17503
1.29082
1.21265
1.21777
1.47646
0.915008
1.37945
1.1976
0.822295
1.52324
1.35824
1.23395
1.25275
1.62242
1.25101
1.15859
1.2431
1.21997
1.39125
1.2019
1.05228
1.50444
1.1188
1.38299
1.34753
1.05468
1.39311
1.78879
1.31229
1.16226
1.2927
1.11555
1.62254
1.1359
0.877937
1.22918
1.4067
1.26096
1.10475
1.46008
1.49901
1.46069
1.35762
1.28576
1.53279
1.30948
1.53408
1.42536
1.26949
1.33307
1.58067
1.46824
1.08872
1.42838
0.833211
1.5714
1.05262
1.13356
1.16154
0.94297
1.28343
1.12236
1.24482
0.921894
1.02751
1.3287
1.32168
1.39971
1.34328
1.50501
1.15352
1.41881
1.38332
1.49512
1.13537
1.22169
1.42864
1.11035
1.33035
0.960325
1.45558
1.41497
1.47511
1.3286
1.21455
1.52267
0.769429
0.962553
1.28527
1.22067
1.05225
1.48745
1.17704
1.29421
1.27511
1.15953
1.22293
1.20269
1.03501
0.870214
1.00113
1.08957
0.984318
1.17891
1.24324
1.52005
1.2067
1.65357
0.979898
1.40898
1.17928
1.48613
0.815943
1.21664
1.07068
0.679035
1.11547
0.97979
1.26415
1.36
1.21873
1.2633
1.51438
1.57426
1.22465
1.26359
1.57467
1.25155
1.19306
1.46643
1.47789
1.48853
1.28727
1.32299
1.23963
0.966776
0.808605
1.1745
1.26323
0.986978
1.56131
0.997425
0.999456
1.18995
1.07826
1.24631
1.33307
0.905875
1.06105
1.35391
1.0261
0.95109
0.960981
0.980818
0.945719
0.930192
0.998773
0.805958
1.00443
1.13401
1.49619
0.761149
1.46549
1.17758
1.44443
1.28919
1.12138
0.885529
1.14216
1.16965
0.788683
1.13306
1.15152
1.00872
1.43761
1.12299
1.1334
1.77119
1.42636
1.52739
1.26724
1.5281
1.02124
1.09071
1.05172
1.56157
1.37377
0.935127
1.10504
1.14967
0.734415
1.08405
1.39033
1.26647
1.15705
1.60478
1.00322
1.45562
1.09873
1.21315
1.2413
1.32193
1.20669
0.886514
1.64228
1.21152
0.979525
0.96405
1.49358
1.18437
0.733109
0.972886
1.31744
1.25431
1.79256
1.26181
1.67779
1.33859
1.24098
1.14944
1.39216
0.935811
1.46186
1.33
0.996292
0.92838
1.41214
1.06416
1.18138
0.7517
1.09559
1.3873
1.42442
1.3691
1.15056
1.62444
1.40979
1.21496
1.21974
0.970403
1.1938
1.34317
1.26368
1.25559
1.02355
1.3669
1.29508
1.18237
1.39503
1.50573
1.15692
1.25938
1.15569
1.11621
0.970443
1.20899
1.487
1.26388
1.02522
1.47899
0.9625
1.20345
1.17944
1.17965
0.805298
1.27012
1.6965
1.10277
1.13977
1.22698
0.959911
1.44783
1.25686
0.796679
1.38725
1.18491
1.25568
1.40287
1.34509
1.63443
1.18539
1.37235
1.46217
1.10213
1.51304
1.11951
1.19284
1.14768
1.45013
0.864566
0.832728
0.948458
1.34292
1.2976
0.953319
1.23542
1.37738
1.27262
1.41862
1.04298
1.22655
1.30671
1.58391
1.03825
1.187
1.10497
1.02469
1.20857
0.726093
1.37745
1.16826
1.04794
0.801965
1.12566
1.24799
1.22958
1.18121
1.2714
0.854654
1.11395
1.16161
0.741256
1.18222
0.689109
1.05929
1.22545
1.0085
1.05053
1.12389
1.19351
0.617519
1.17893
0.833046
1.10549
0.913037
1.24991
1.3461
0.941893
1.05575
1.02399
1.10815
0.944174
1.04738
0.936178
1.08341
0.967092
1.34854
1.12938
0.474364
1.12634
1.22679
0.938024
1.18508
1.04997
0.852124
1.17908
0.867225
1.25497
1.29309
1.22843
1.09749
0.992546
1.39331
1.1469
1.22857
1.51846
1.13245
1.3195
1.5536
1.45745
1.01498
1.46073
1.26939
0.645443
1.23723
0.750924
1.20762
1.32955
1.0655
1.28429
1.06095
1.20461
1.1165
1.26629
1.11341
1.19628
1.12888
1.53529
1.18685
1.19577
1.42897
1.19659
1.07752
1.00536
1.22259
1.15132
0.997914
1.27508
0.854784
1.41846
1.06201
1.16822
1.07099
1.19819
0.988089
1.27481
1.30247
1.0763
1.07669
1.20914
1.26143
0.790848
1.20182
1.08334
1.49374
1.59296
1.0637
1.31432
1.56545
1.62754
1.22036
1.36819
1.12215
1.15734
1.23657
0.963278
0.992267
1.49557
1.22286
1.51223
1.46049
1.29442
1.49458
1.17082
1.1561
1.07896
1.19289
1.7075
1.13271
1.33923
1.21454
1.47507
1.13351
0.923894
0.701436
1.08077
0.472928
1.31182
0.992317
1.45337
1.24435
1.4964
1.22672
1.13576
1.17533
1.42319
1.33445
0.91664
1.43463
0.950483
0.923551
0.927785
1.20043
1.0002
0.818684
1.11597
1.09354
0.879788
1.30385
1.30754
1.15976
1.21136
1.16102
1.50679
1.37518
0.948667
1.07618
1.26288
1.11919
1.125
1.3067
1.27823
1.3329
1.14795
1.23616
1.39502
1.58707
1.39971
1.38213
0.999457
1.49632
1.02882
0.796495
0.812538
1.46716
1.03082
0.971237
1.37194
1.09365
0.984802
1.15212
1.09658
1.41392
1.01146
1.38553
0.720393
1.20248
1.10334
1.16506
0.965811
1.18198
1.26016
1.29912
0.910667
1.24392
0.724573
1.44015
1.3661
1.26207
1.35574
1.224
1.54114
1.37436
1.02183
0.912933
0.954559
1.04238
1.16057
1.40581
1.51632
1.30847
1.13113
1.15274
1.29029
1.6728
1.23584
1.35157
0.795792
1.44989
1.13183
1.37937
1.04816
1.20476
1.06916
0.979399
1.46494
1.36541
0.986874
1.68888
1.32395
1.19575
1.18641
1.4411
0.940103
1.66018
1.39195
1.13361
0.851337
1.43788
1.5156
1.13818
1.31012
1.40054
1.15648
1.39249
1.40485
1.17476
1.31626
0.696086
1.0671
1.44573
1.01973
1.15153
1.16654
1.31648
0.646908
1.3863
1.03273
1.07224
0.925362
1.20462
1.28964
1.01858
0.984114
0.934444
1.24658
1.27828
1.42967
1.27811
0.713253
1.07867
1.54222
1.35015
0.920631
1.27417
1.55021
1.0009
1.10802
1.22905
0.974763
1.29812
0.947147
1.2053
1.39403
0.962705
1.45655
1.35945
1.47257
1.27061
1.48399
1.15048
1.34161
1.32663
1.04825
1.61686
1.46156
1.19906
1.34109
1.02561
1.30975
1.17156
1.54055
1.12978
1.57967
1.56144
1.57367
1.53291
2.12032
1.50631
1.56182
1.40426
1.53631
1.0323
1.30424
1.25822
1.81221
1.30326
1.20367
1.36315
1.48477
1.13242
1.19666
1.35475
1.41228
0.743031
1.57577
1.11934
0.909858
1.05665
1.30561
1.31838
1.01405
1.05005
1.45999
1.52064
1.35595
1.02173
1.26345
1.19577
1.29636
1.21583
0.785959
1.46181
1.32077
1.45783
1.31794
1.1585
1.27951
1.27269
1.40391
1.30347
1.06975
1.96841
1.31199
1.56982
1.28395
1.55775
1.01911
0.872127
0.698552
1.45403
0.941446
1.07373
0.977162
1.35789
1.05369
1.16797
1.17009
1.24187
1.01796
1.54753
1.05454
1.20673
1.39237
1.15801
0.916735
1.26197
1.10935
1.15536
1.68748
1.24708
1.43333
1.46968
1.29809
1.52323
1.16918
1.07191
1.43856
1.30754
1.17836
1.04602
1.29416
1.43269
1.29432
1.11753
1.38535
1.85655
1.46297
1.5711
0.968128
1.63806
1.28086
1.27502
1.00235
1.37032
1.02378
1.25908
1.49489
1.11897
1.04659
1.32882
1.1882
1.3463
1.0384
1.3605
0.805002
1.16238
1.32145
1.02015
0.763231
1.35646
1.31798
1.2617
0.944724
1.12768
1.09639
0.814577
1.00573
1.19816
1.07898
0.981293
1.26556
1.25962
0.80375
1.41867
0.59292
1.39457
0.979254
1.02673
1.4827
0.981157
0.909199
0.935877
1.47091
0.919758
1.05859
0.964352
1.10122
1.13984
1.33083
1.10396
1.04816
1.25119
1.26448
1.06215
0.747241
1.1196
1.43379
1.18683
1.08284
1.55919
1.1811
1.14034
1.42302
1.14176
1.04149
1.32908
1.15085
1.51342
1.14733
1.42899
1.05602
1.01275
0.809125
1.14051
1.26049
0.804241
1.32182
1.30492
1.56025
1.32322
1.62466
1.57172
1.28657
1.30084
1.35805
1.22604
1.27174
1.45055
1.7117
1.55898
1.23827
1.33219
1.05951
1.00163
0.966058
1.18253
1.55882
0.961957
1.46472
1.17207
1.25655
0.886679
0.900303
1.38811
1.71496
1.15961
1.6826
1.4041
1.70786
1.50136
1.27412
0.997519
1.61358
1.01714
1.08792
1.26198
1.33086
1.46191
1.19992
1.42866
1.33515
1.35749
1.70862
1.54588
1.21484
1.62049
1.4063
1.04821
1.31148
1.56052
1.5723
1.02672
1.56477
1.09701
0.962901
1.16187
1.18655
1.71665
1.41564
1.57417
0.776348
1.02605
1.12255
1.28078
1.6241
1.39202
1.55576
1.06221
1.33801
1.39493
1.07059
0.982961
1.29389
1.42311
0.940124
1.2248
1.65019
1.18426
1.32904
0.774393
1.26054
1.58046
1.18874
1.31297
0.990389
1.64902
1.0667
1.10761
0.964651
0.994171
0.989772
1.138
1.35437
1.45195
1.12413
1.49787
1.26676
0.872811
1.25848
1.53378
0.891379
1.20297
1.54327
1.55282
0.721466
1.53414
1.25602
1.41491
1.19904
1.02649
1.14523
1.35292
1.20283
1.21711
1.07485
1.49461
0.942233
1.38095
1.27151
0.831494
1.4831
1.35787
1.37502
1.16487
1.59091
1.1427
0.963814
1.04656
1.33955
1.45861
0.952779
1.16015
1.23391
1.03153
1.29199
1.22168
1.26548
1.44332
1.70854
1.04222
1.28019
1.52812
1.33035
1.54087
1.29689
1.72269
1.63032
1.21559
0.667949
1.19763
0.852628
1.00421
1.44203
1.52474
1.46671
1.21588
1.34067
1.47391
1.50056
1.45414
1.42921
0.932329
1.47345
1.22256
1.43329
1.3318
1.44208
1.49042
0.937206
1.70777
1.22033
0.988266
1.61525
1.32155
1.50194
1.34036
1.45002
0.755436
1.51406
1.60603
1.28352
1.27519
1.14716
1.61368
1.56259
0.933327
1.30843
1.40281
0.911305
1.05457
1.39181
1.27474
1.50607
1.00281
1.71172
1.6297
1.26366
1.43381
1.40211
1.35701
1.10485
1.42721
1.38025
1.44761
1.37742
1.53283
1.52019
0.911961
1.27575
1.38721
1.35377
1.39096
1.25134
1.04863
1.27485
1.50027
0.684933
0.903651
1.26317
1.15524
1.20184
1.49753
0.765563
1.20786
1.48259
1.35979
1.38567
1.32875
1.34851
1.5927
1.39179
1.6757
0.91381
1.18343
1.45124
0.870153
0.862429
1.32937
1.31256
1.44144
1.30906
1.33469
1.18247
1.26418
1.36909
1.5623
1.1205
1.41556
1.14571
1.09372
1.48571
1.42762
1.52637
1.47955
1.20608
1.08051
1.32747
1.28105
1.19813
1.42619
1.11808
1.29319
1.00759
1.48808
1.50727
0.817806
1.88344
1.47834
1.67227
1.37039
1.52381
1.25227
1.26301
1.10433
1.6478
1.55787
1.00399
1.05372
1.18016
0.946348
1.37962
1.4385
1.51979
1.44645
1.73573
1.31457
1.21448
0.922618
1.29234
1.15679
1.48865
0.981617
1.36483
1.5878
1.11656
1.48075
1.17256
1.38269
1.39461
1.45911
1.7166
0.761649
1.22616
1.28797
1.02272
0.82963
1.26151
1.0186
1.34985
1.07255
1.44643
1.24251
0.965883
1.44894
1.58449
1.08139
1.33832
1.16005
0.918494
1.44438
1.28192
1.13026
1.19932
1.11524
0.874912
1.2307
0.872835
1.30635
1.36214
1.22179
1.30452
1.17067
1.35451
1.4287
1.01976
0.963586
1.29667
1.22403
0.750016
1.0198
1.24683
1.21902
1.17521
1.20719
1.16359
1.37586
1.1891
1.23278
1.0558
1.01534
0.979689
1.27899
1.1316
1.22325
1.4716
1.37889
1.22329
1.51144
1.49691
0.645536
1.46319
1.03854
1.4797
1.11236
1.40054
1.61453
0.91373
1.03154
1.21185
1.35409
1.08968
1.33347
1.21166
1.10282
1.09915
1.72332
1.30044
0.956593
1.54658
1.41857
0.993008
1.03636
1.13508
1.04073
1.44839
1.36887
1.35445
1.1404
1.17108
1.3331
1.07468
1.08016
1.01539
0.973428
1.2447
0.880584
1.36043
1.31054
1.22379
1.43757
1.19022
1.35265
1.13299
1.2944
1.12596
1.18411
1.37247
0.750496
1.26875
1.04999
1.29796
1.19938
1.3937
1.29302
1.36427
1.53781
1.43956
1.25201
1.28465
1.39205
1.2854
1.60655
1.28968
1.2764
1.42963
0.962958
1.78434
1.02694
1.61072
1.25519
1.24697
0.875598
1.0307
0.703563
1.30825
1.15162
0.599986
1.0914
1.34292
1.00941
1.63781
1.19128
1.40415
1.39882
1.41689
1.03625
1.05386
0.882823
0.666816
1.13355
1.29754
1.16654
1.16227
0.942413
1.40695
1.27069
1.34765
1.11948
0.923794
1.41329
1.18533
1.36495
1.37286
1.21362
1.36982
1.22076
1.52812
1.03376
0.967099
1.35529
1.22944
1.21686
1.16552
1.29759
0.920815
1.08332
1.16124
1.28582
1.35589
1.03417
1.38852
1.2626
1.30407
1.69383
0.906673
1.06073
1.17574
1.12087
0.799198
1.44187
1.26775
1.33423
1.27548
1.24603
1.20408
1.25967
1.18078
1.55521
1.2923
1.01727
1.04011
1.28594
1.34579
1.15114
1.13626
1.05643
1.42655
0.834237
1.52254
1.11525
1.26098
1.40563
1.27432
1.09224
1.0025
1.32822
1.44425
1.49944
1.31542
1.53752
1.01558
1.44477
0.963204
0.827016
1.43471
0.996996
1.64956
1.23852
1.13679
1.01889
1.26386
1.20167
1.26738
1.29586
0.98793
1.41447
1.48302
1.41742
1.36977
1.35771
1.40636
1.11084
1.21759
1.38156
1.38111
1.37982
1.14898
1.30693
1.27544
0.854062
1.16814
1.3464
1.2872
1.15744
1.39629
1.03526
1.13977
1.01936
1.17704
1.13401
1.02426
1.41598
1.10868
1.20532
1.14137
1.17685
1.16511
1.21062
1.18029
1.07425
1.22764
1.38169
1.1492
0.629304
1.12397
1.21032
0.842045
1.29235
1.16601
0.985231
1.18188
1.55774
1.2293
1.59388
1.35195
1.78912
1.75362
1.58499
1.58589
1.33697
1.52263
1.4087
1.60143
1.72624
1.51314
1.47692
1.25199
1.1124
0.961428
0.870689
1.23051
1.78428
0.983167
1.33682
1.37685
1.46865
0.887706
1.10778
1.5138
0.995865
1.21431
1.3024
1.42453
0.988997
1.13808
0.997145
1.20158
1.25428
1.35116
0.93676
1.14571
1.241
1.48986
1.43504
0.987722
1.45482
1.5155
1.50644
1.30714
1.14826
1.02474
1.40547
1.34119
1.18807
1.06034
1.49828
1.24955
1.34632
0.932929
1.15652
1.19371
1.33741
1.1292
0.932489
1.54546
1.00825
1.69539
1.39055
1.01603
1.19293
1.4675
1.40598
1.16424
1.18569
1.14296
1.5992
1.16011
1.13073
1.03334
0.950436
0.8856
1.49548
1.29293
1.26208
1.26435
1.47239
1.39587
0.903457
1.31665
1.3813
1.29729
1.59777
1.2791
1.5783
1.41876
1.20334
1.31399
1.27047
1.20891
1.20967
1.45008
0.918624
0.828279
1.31554
0.864139
1.56266
1.25501
1.51207
1.55175
1.52746
1.36709
1.56561
1.15428
1.41303
1.47819
1.69997
1.4343
1.75031
1.05215
1.64654
1.67564
1.76708
1.34635
1.55353
1.76149
1.25491
1.76469
1.80965
1.37078
1.51638
1.13064
1.2165
1.02919
0.665861
1.31786
1.02613
0.963949
1.11257
1.29656
1.20133
1.21183
1.41409
1.7948
1.15586
0.997391
1.37472
1.05469
1.39116
0.92677
1.50932
1.16927
1.30737
1.4452
1.06151
1.24409
1.69941
1.6153
1.24121
1.60939
1.433
0.937928
0.955966
1.08849
1.28503
1.28169
1.59652
1.19421
1.31084
1.12101
1.0531
1.07749
1.35824
1.69249
1.12377
1.34803
1.54454
0.940566
1.0618
1.07905
1.32722
0.784266
1.19955
1.54144
1.50217
1.27968
1.51115
1.20291
1.17749
1.09476
1.11084
1.75669
1.19031
1.7556
1.50973
0.766765
1.53618
1.03104
0.859565
1.32102
1.12595
1.06949
1.12329
1.16173
1.22419
1.40313
1.12842
0.929017
1.06556
1.2403
1.10365
0.774022
1.32317
0.985167
1.18907
1.06475
1.23923
1.18684
1.01873
1.07776
1.30869
1.21146
1.4766
1.09128
1.24347
0.74917
1.08209
1.07325
1.22531
1.18791
1.46607
1.2407
1.12866
1.26194
1.43533
1.12244
1.00905
1.43657
1.38424
1.30898
1.34866
1.7949
1.07565
1.1799
1.50582
1.11821
1.32188
1.46067
1.2518
1.32919
1.33588
1.47015
1.14659
1.07703
1.05542
1.23135
1.22706
1.15849
1.35687
0.677858
1.61094
1.33764
1.5972
1.5027
1.51263
1.01107
1.36278
0.973865
1.38331
1.43615
1.42934
1.43923
1.48598
1.60225
1.13048
1.23816
0.905347
1.5244
1.17733
0.842925
1.14253
1.29675
1.27588
1.57545
1.28468
1.32904
1.06175
1.1842
1.56422
0.919541
1.61471
1.2357
1.35775
0.935676
0.906703
0.866649
1.15247
1.6241
1.32771
1.26006
0.998272
1.34367
