0.790443
0.72353
0.129927
0.666336
0.575289
0.347304
0.84966
0.706661
0.174022
0.477656
0.938651
0.719481
0.250842
0.311445
0.394908
0.577169
0.696795
0.382214
0.622243
0.0702021
0.269592
0.829607
0.363747
0.772675
0.60892
0.558629
0.782724
0.872029
0.135093
0.0705825
0.906873
0.490729
0.317743
0.264639
0.678831
0.717156
0.802028
0.539019
0.451432
0.788983
0.612164
0.568281
0.923164
0.737035
0.580548
0.377389
0.814288
0.517615
0.268435
0.732054
0.404972
0.640611
0.714069
0.230708
0.796246
0.517716
0.145301
0.800182
0.508797
0.883628
0.800495
0.763213
0.801027
0.628552
0.286296
0.309749
0.229743
0.0888048
0.266934
0.17331
0.428372
0.228791
0.284337
0.683825
0.519898
0.621295
0.222772
0.640187
0.451723
0.789677
0.98996
0.198305
0.85627
0.807813
0.137386
0.76313
0.740992
0.671832
0.577224
0.272086
0.301634
0.874258
0.666923
0.147634
0.152872
0.488543
0.674627
0.59297
0.448076
0.174128
0.71179
0.722637
0.341829
0.788634
0.127994
0.170188
0.862797
0.523813
0.312826
0.427684
0.546512
1.06354
0.627441
0.213405
0.302241
0.87366
0.849267
0.830842
0.659995
0.206498
0.734661
0.235107
0.366314
0.247013
0.026562
0.379618
0.755291
0.828757
0.259506
0.394322
0.535376
0.543888
0.638323
0.653847
0.340089
0.782851
0.59023
0.10764
0.452758
0.249249
0.148275
0.107993
0.55623
0.794463
0.0898895
0.535571
0.522025
0.281078
0.706219
0.471369
0.49267
0.951674
0.274109
0.489449
0.935695
0.527218
0.318903
0.377762
0.113593
0.515345
0.358115
0.415439
0.725244
0.584411
0.588634
0.729874
0.678695
0.660402
0.547264
0.741977
0.507377
0.332837
0.290801
0.543098
0.913948
0.491964
0.378966
0.441336
0.301725
0.932376
0.105654
0.409713
0.655023
0.205167
0.0556458
0.492193
0.224068
0.51959
0.582149
0.195525
0.748104
0.675216
0.939271
0.45879
0.930993
0.850172
0.601237
0.670454
0.807898
0.414562
0.655849
0.301836
0.292664
0.76378
0.374348
0.485292
0.254002
0.503197
0.966315
0.48824
0.195926
0.422304
0.882992
0.912356
0.774987
0.544811
0.371734
0.598597
0.0821906
0.201185
0.271769
0.148115
0.53818
0.661774
0.773354
0.432033
0.435223
0.527982
0.510752
0.733828
0.756261
0.182851
0.83519
0.632291
0.0873517
0.283699
0.28863
0.309488
0.244604
0.633794
0.657121
0.1213
0.378074
0.465463
0.109733
0.73377
0.568644
0.60765
0.851626
0.125091
0.549964
0.865322
0.357183
0.345273
0.538462
0.0938642
0.639849
0.198593
0.510851
0.723876
0.583196
0.555828
0.650285
0.672219
0.624333
0.581596
0.630087
0.458169
0.447759
0.308215
0.631798
0.810207
0.320085
0.27494
0.577934
0.475422
0.890091
0.279286
0.552972
0.586439
0.352272
0.132509
0.318634
0.162919
0.469315
0.469862
0.368405
0.83103
0.590472
0.876307
0.313318
0.995027
0.907087
0.453348
0.538781
0.462257
0.436371
0.756347
0.608777
0.298406
0.492559
0.829318
0.711679
0.168078
0.438181
0.437806
0.502655
0.58349
0.295488
0.506216
0.129755
0.32079
0.726288
0.437766
0.729875
0.589748
0.469347
0.707702
0.754236
0.228396
0.127089
0.801251
0.377187
0.200449
0.167991
0.548994
0.587349
0.775301
0.419602
0.321544
0.725842
0.611714
0.474792
0.835402
0.646087
0.451071
0.465348
0.747561
0.536146
0.206398
0.697745
0.2808
0.514406
0.587103
0.360558
0.758963
0.391469
0.252205
0.805282
0.409778
0.766327
0.737932
0.635756
0.777353
0.506065
0.167088
0.182959
0.124065
0.161779
0.138985
0.0533224
0.300079
0.312262
0.212323
0.567743
0.427448
0.492174
0.35028
0.647313
0.414471
0.666091
0.885509
0.221416
0.766625
0.686456
0.129189
0.659213
0.666536
0.677932
0.513304
0.201151
0.321433
0.773987
0.540616
0.18639
0.24102
0.485875
0.565276
0.478864
0.483514
0.393581
0.946644
0.671048
0.552746
0.83718
0.876786
0.609572
0.990983
0.530483
0.95772
0.885227
0.620737
0.42691
0.389066
0.163745
0.639071
0.802765
0.584621
0.929981
0.889846
0.864672
0.539834
0.737896
0.478664
0.758448
0.636272
0.618469
0.38614
0.420863
0.498883
0.0938995
0.104982
0.98195
0.16781
0.239381
0.805104
0.93238
0.520381
0.760551
0.615103
0.174655
0.972377
0.80457
0.918282
0.572399
0.896226
0.264278
0.252187
0.255222
0.89563
0.932141
0.266415
0.755127
1.1057
0.474409
0.492076
0.816232
0.266494
0.993868
0.307205
0.384557
0.388349
0.49434
0.692236
0.399879
0.509363
0.287911
0.827718
0.551623
0.394856
0.511447
0.179609
0.888686
0.980122
0.702281
0.352401
0.689687
0.634266
0.700146
0.394392
0.626904
0.539528
0.713509
1.00229
0.668638
0.553672
0.762002
0.637947
0.0271574
0.692372
0.725527
0.833223
0.229865
0.185331
0.909627
0.720451
0.328048
0.182038
0.7031
0.554144
0.367547
0.613261
0.333335
0.882984
0.603928
0.233237
0.121582
0.549655
0.508752
0.591955
0.567739
0.273419
0.683346
0.496642
0.494193
0.1524
0.352939
0.299181
0.597437
0.589315
0.343025
0.0850934
0.261837
0.312681
0.320503
0.345645
0.590915
0.441043
0.25293
0.414169
0.572338
0.130096
0.417889
0.240142
0.220356
0.738453
0.416986
0.58882
0.34211
0.506264
0.373919
0.160657
0.218091
0.785564
0.53916
0.147777
0.712768
0.728621
0.109113
0.310013
0.425713
0.263121
0.603732
0.106333
0.418247
0.291965
0.345687
0.547205
0.381738
0.409613
0.217406
0.627318
0.31834
0.110824
0.137168
0.217628
0.759369
0.620938
0.362613
0.24291
0.427882
0.664399
0.348992
0.246829
0.463802
0.207718
0.324055
0.638242
0.284308
0.328267
0.501029
0.326018
0.417174
0.512416
0.703241
0.497169
0.590977
0.508579
0.608756
0.889112
0.778526
0.219848
0.289591
1.03108
0.531024
0.421871
0.375396
0.169166
0.599386
0.827411
0.724309
0.938833
0.413941
0.1532
0.90709
0.0594251
0.668787
0.471503
0.628157
0.770685
1.00763
0.213794
0.415083
0.986528
0.651915
0.531606
0.452835
0.933007
0.970817
0.650857
0.8499
0.709208
0.740541
0.424639
0.64859
0.936693
0.781539
0.818247
0.0301076
0.773159
0.305301
0.390399
0.611149
0.707325
0.842142
0.915747
0.27267
0.674021
0.731563
0.402059
0.569821
0.618774
1.01599
0.74884
0.965913
0.641994
0.808839
0.601965
0.558331
0.452331
0.276459
0.5644
0.446876
0.667217
0.124109
0.414411
0.827712
0.607578
0.850769
0.228075
0.427451
0.41339
0.962691
1.05882
0.530746
0.882539
0.966584
0.322528
0.849662
0.732997
0.456046
0.569493
0.408005
0.22202
0.936209
0.95399
0.256817
0.439184
0.343798
1.00103
0.912982
0.215455
0.150355
0.941246
0.637311
0.185602
0.555624
0.599381
1.13812
0.733841
0.291911
0.245969
0.877612
0.81244
0.881774
0.752141
0.0964763
0.837763
0.361683
0.48934
0.291114
0.154447
0.268221
0.832297
0.879436
0.132471
0.400438
0.564945
0.590325
0.580748
0.589586
0.465656
0.756406
0.579724
0.232482
0.576893
0.282162
0.0913023
0.113293
0.518188
0.897636
0.207678
0.653048
0.584497
0.409048
0.7017
0.420855
0.423654
1.02948
0.399211
0.470389
0.994205
0.654794
0.346876
0.263779
0.236105
0.435731
0.483986
0.371334
0.741493
0.606758
0.632496
0.798757
0.700383
0.70329
0.545334
0.830527
0.566166
0.277922
0.330285
0.495956
0.994652
0.617557
0.475723
0.352706
0.177153
0.971861
0.0331434
0.315288
0.719204
0.132073
0.17427
0.618996
0.320113
0.578328
0.674569
0.068608
0.697722
0.7488
0.992743
0.571539
0.891594
0.81825
0.712797
0.808598
0.55317
0.252564
0.532663
0.455822
1.00168
0.634387
0.186071
0.134283
0.729559
0.682673
0.735518
0.633884
0.129349
0.731456
0.371293
0.436986
0.154436
0.187433
0.257327
0.699585
0.73311
0.209307
0.250444
0.41527
0.444424
0.468144
0.484126
0.475239
0.619944
0.434957
0.262181
0.524548
0.139658
0.237555
0.0623602
0.388277
0.790555
0.255458
0.577275
0.445898
0.399708
0.555442
0.30121
0.324809
0.895751
0.414094
0.328491
0.850216
0.643414
0.199164
0.260834
0.271862
0.351429
0.491244
0.245584
0.591374
0.456432
0.48543
0.661074
0.550029
0.555539
0.397657
0.707449
0.425893
0.163674
0.187768
0.373351
0.86327
0.570522
0.371886
0.285404
0.287426
0.822648
0.167911
0.260793
0.579669
0.0734775
0.170899
0.579514
0.230918
0.437818
0.558162
0.167977
0.578373
0.614636
0.846918
0.488326
0.763804
0.685252
0.622703
0.445827
1.05336
0.699544
0.370146
0.202592
0.334533
0.653093
0.822063
0.550202
0.796201
0.224156
0.227315
0.936585
0.259389
0.797039
0.610877
0.654618
0.850313
1.0022
0.109086
0.226172
1.01605
0.622018
0.461977
0.393734
0.844254
0.882753
0.803623
0.712973
0.615088
0.840121
0.588887
0.669303
1.00501
0.828221
0.740518
0.247943
0.86944
0.476445
0.365359
0.746894
0.577811
0.790272
0.864879
0.0888863
0.812238
0.66909
0.183394
0.759226
0.619911
1.01276
0.850438
0.914966
0.798572
0.770732
0.45997
0.466744
0.371245
0.157456
0.43737
0.332142
0.585848
0.145369
0.387627
0.813861
0.622006
0.779423
0.0563511
0.60477
0.491388
0.932001
1.096
0.322941
0.942361
0.945431
0.239926
0.872437
0.809272
0.635843
0.639545
0.376666
0.295601
0.975703
0.838856
0.19413
0.222376
0.479332
0.84749
0.766775
0.390895
0.799514
0.25372
0.375186
0.639081
0.121173
0.367308
0.635909
0.778034
0.919592
0.545197
0.221388
0.674316
0.230411
0.379973
0.182316
0.422648
0.502655
0.804335
0.367156
0.544786
0.75016
0.51134
0.469574
0.402825
0.835432
0.869323
0.364012
0.829451
0.643895
0.461138
0.143089
0.446831
0.671203
0.539913
0.716764
0.286386
0.494719
0.0444576
0.324417
0.321661
0.692448
0.704705
0.77054
0.525489
0.384449
0.620624
0.594195
0.322821
0.445113
0.809979
0.468209
0.817023
0.356738
0.657655
0.622525
0.518487
0.430828
0.389204
0.571313
0.470119
0.591285
0.300521
0.338644
0.645839
0.419609
0.737469
0.480223
0.163207
0.192013
0.789894
0.813328
0.674184
0.624894
0.782669
0.367045
0.626641
0.469023
0.194919
0.323955
0.341314
0.176628
0.693113
0.89173
0.330761
0.619085
0.0658494
0.995168
0.901542
0.0790057
0.739267
0.690532
1.24172
0.885733
0.435818
0.248112
0.889982
0.767036
0.958841
0.885844
0.125395
0.983883
0.547253
0.665102
0.404766
0.339385
0.13443
0.944897
0.956235
0.0533262
0.452362
0.629118
0.674059
0.515688
0.51252
0.651221
0.72946
0.588081
0.418081
0.753437
0.386705
0.226912
0.260242
0.490873
1.04306
0.392651
0.820058
0.688132
0.593625
0.710117
0.386
0.355699
1.13914
0.584742
0.477667
1.07857
0.840041
0.433828
0.122635
0.42153
0.345951
0.669574
0.356129
0.777025
0.658467
0.710501
0.901811
0.745485
0.776403
0.56896
0.958001
0.666431
0.269885
0.432442
0.456451
1.10879
0.796087
0.62321
0.257759
0.0807024
1.0309
0.213967
0.215411
0.818904
0.182402
0.354386
0.799629
0.475644
0.677824
0.8105
0.117317
0.636642
0.859342
1.07033
0.733897
0.839176
0.780109
0.871526
0.565125
0.891758
0.370108
0.381106
0.652114
0.976317
1.06813
0.783928
0.474236
0.624189
0.472065
0.204567
0.130253
0.460947
0.40137
0.786346
0.618061
0.783144
0.686023
0.604849
0.632941
0.585445
0.929639
0.957559
0.132547
0.982484
0.781483
0.329218
0.110676
0.484063
0.554751
0.492777
0.818025
0.521245
0.360738
0.22698
0.515524
0.147882
0.858996
0.773886
0.825096
0.778732
0.182811
0.724589
0.843752
0.115395
0.517826
0.787725
0.329816
0.863528
0.118371
0.718215
0.814611
0.688356
0.623831
0.63293
0.761114
0.678533
0.727242
0.554239
0.520524
0.672915
0.481817
0.826232
0.733275
0.106243
0.311877
0.812076
0.727587
0.911254
0.531998
0.792041
0.59619
0.598692
0.385522
0.0848528
0.329177
0.527804
0.420065
0.622404
1.01089
0.572059
0.86612
0.230948
1.14883
1.05622
0.317028
0.551519
0.358422
0.335572
0.453304
0.411719
0.549402
0.284592
0.273366
0.579331
0.400336
0.56482
0.438095
0.308789
0.541285
0.632513
0.266301
0.282444
0.657137
0.2519
0.110346
0.0316015
0.511358
0.549044
0.616347
0.458621
0.291136
0.557779
0.473544
0.317591
0.674691
0.487172
0.396436
0.445739
0.57972
0.419535
0.0512362
0.536035
0.318662
0.427877
0.502587
0.452258
0.595591
0.311874
0.394865
0.666705
0.258381
0.643307
0.56986
0.553057
0.61993
0.402872
0.251204
0.147532
0.058715
0.213871
0.198385
0.121348
0.246071
0.310914
0.0461878
0.443949
0.26925
0.429803
0.426482
0.514456
0.256885
0.563324
0.739756
0.389318
0.607004
0.575495
0.130479
0.513143
0.499886
0.543208
0.345245
0.0373644
0.233492
0.623473
0.540592
0.183365
0.394291
0.351628
0.622461
0.529259
0.389991
0.522001
0.852512
1.00396
0.614714
0.88611
0.320076
0.426425
1.12815
0.42889
0.998409
0.809848
0.848964
1.05168
1.18126
0.308293
0.322935
1.2069
0.799263
0.628656
0.570325
0.980852
1.01866
1.00097
0.813056
0.757423
1.04266
0.781688
0.862026
1.2044
1.02485
0.888307
0.395969
1.07185
0.665554
0.555796
0.947177
0.693532
0.951797
1.02497
0.115141
1.0124
0.828842
0.203666
0.942033
0.808253
1.19257
1.053
1.07384
0.994956
0.939834
0.573618
0.620482
0.539375
0.340659
0.5675
0.484573
0.738258
0.341514
0.576292
0.992634
0.814019
0.92992
0.159153
0.792889
0.693896
1.10106
1.28835
0.347855
1.14066
1.11869
0.422942
1.06281
1.01046
0.823098
0.84095
0.564595
0.497462
1.16952
0.954403
0.389595
0.238484
0.677686
0.922369
0.853988
0.576722
0.450001
0.699912
0.732475
0.906341
0.464861
0.125337
0.76052
0.110657
0.499624
0.302439
0.49099
0.608152
0.875879
0.27016
0.464969
0.838712
0.547031
0.465287
0.389458
0.855996
0.892086
0.484734
0.815518
0.646478
0.573759
0.260787
0.51355
0.775704
0.630114
0.737502
0.168908
0.606766
0.143553
0.313194
0.442183
0.67367
0.742441
0.812877
0.409878
0.505397
0.644126
0.495633
0.424718
0.496442
0.88295
0.581667
0.861636
0.47692
0.701473
0.586997
0.505845
0.405832
0.306978
0.539965
0.427706
0.597522
0.190444
0.333605
0.704988
0.478107
0.764091
0.36415
0.271278
0.262569
0.845967
0.907056
0.593081
0.724704
0.844231
0.308687
0.707233
0.571893
0.301948
0.414153
0.331871
0.12522
0.785052
0.89695
0.256764
0.524798
0.175186
0.97707
0.884736
0.0565283
0.279352
0.691768
0.718076
0.618893
0.460295
0.310535
0.549919
0.27473
0.267381
0.0813137
0.20605
0.438424
0.54475
0.61688
0.388827
0.240778
0.339747
0.335908
0.552731
0.578798
0.361515
0.639726
0.436527
0.228053
0.351093
0.10326
0.351968
0.182203
0.446098
0.609519
0.246261
0.392707
0.308837
0.275518
0.538478
0.393433
0.44424
0.741801
0.315315
0.357998
0.72238
0.496262
0.150235
0.443464
0.240473
0.483874
0.373145
0.337283
0.535205
0.393317
0.381273
0.516935
0.485092
0.452558
0.38567
0.538779
0.294935
0.296092
0.112785
0.449329
0.705463
0.398947
0.187703
0.43914
0.459438
0.72401
0.2899
0.425101
0.441618
0.259531
0.164469
0.412671
0.0524725
0.307078
0.38284
0.336851
0.642692
0.46326
0.726552
0.302809
0.800655
0.711938
0.436717
0.650445
0.566509
0.713231
0.676202
0.169506
0.78667
0.502611
0.545702
0.213298
0.321048
0.181504
0.715433
0.710576
0.22905
0.206572
0.383044
0.433671
0.33884
0.352142
0.6051
0.512474
0.347755
0.396443
0.630375
0.189089
0.336834
0.194709
0.272716
0.843523
0.389234
0.666006
0.458528
0.526439
0.471034
0.175306
0.190706
0.905435
0.545659
0.23609
0.834288
0.765362
0.208935
0.191228
0.406142
0.217974
0.620417
0.125887
0.530205
0.410482
0.467249
0.667006
0.497513
0.530992
0.323212
0.740324
0.435304
0.0321
0.221935
0.250176
0.878206
0.678071
0.445119
0.160367
0.313285
0.782819
0.273824
0.146928
0.583562
0.113929
0.304918
0.69076
0.331043
0.445807
0.605811
0.224677
0.453281
0.630001
0.824379
0.574319
0.645655
0.572809
0.697906
0.277722
0.326221
0.616236
0.817975
0.731081
0.954557
0.848173
0.630965
0.877808
0.780275
0.510891
0.324117
0.878645
0.481201
0.355602
0.391018
0.447916
0.478877
1.01882
0.222737
0.302822
0.918185
0.884945
0.625031
0.966899
0.783021
0.408733
0.754019
0.931935
0.822345
0.462257
0.935053
0.179916
0.509453
0.562156
0.581785
0.989935
0.414425
0.414398
1.07836
0.555978
0.794054
0.930629
0.598455
1.0243
0.533866
0.162275
0.299877
0.353083
0.448355
0.215817
0.308222
0.332281
0.60123
0.455812
0.623524
0.587856
0.450085
0.59006
0.924868
0.665715
0.662951
0.961701
0.26845
0.897455
0.697236
0.423986
0.754957
0.840781
0.954147
0.720195
0.448863
0.613208
0.87235
0.376278
0.481452
0.376543
0.76171
0.30766
0.244569
0.776393
0.579888
0.807342
0.731339
0.932354
0.992599
0.938467
0.640615
0.86149
0.638421
0.734573
0.577346
0.772015
0.477366
0.450069
0.519442
0.254416
0.268664
1.07703
0.0908346
0.286756
0.921806
0.996275
0.62496
0.903333
0.744189
0.294961
0.966854
0.925703
0.963205
0.597988
0.990362
0.233422
0.39278
0.411367
0.841233
1.03339
0.363912
0.683071
1.18014
0.567842
0.652038
0.933573
0.428169
1.08695
0.441292
0.339187
0.402381
0.500658
0.667787
0.374551
0.492169
0.340906
0.815396
0.581531
0.534665
0.605346
0.317633
0.842525
1.04206
0.763548
0.511926
0.846365
0.544069
0.839582
0.553208
0.6174
0.680437
0.832605
1.06733
0.760957
0.580092
0.781139
0.785871
0.139067
0.68252
0.647885
0.885497
0.0826933
0.0332806
0.939385
0.339596
0.854698
0.432893
0.827925
0.670406
0.592476
0.824929
0.883665
0.204069
0.00288005
0.930204
0.506871
0.330188
0.291453
0.660843
0.698605
0.862198
0.500845
0.438985
0.836624
0.677719
0.599638
0.958795
0.770425
0.570572
0.444045
0.860442
0.585792
0.311873
0.78986
0.374854
0.640137
0.711735
0.261393
0.853337
0.517619
0.124067
0.867144
0.536362
0.895828
0.848412
0.759561
0.862004
0.634383
0.254514
0.310156
0.250295
0.1581
0.248053
0.182439
0.424068
0.2977
0.323991
0.697442
0.551697
0.61285
0.264714
0.707121
0.507107
0.793571
1.01428
0.129107
0.890675
0.814988
0.191534
0.787695
0.78336
0.738686
0.623725
0.311896
0.368673
0.901666
0.636989
0.214436
0.111689
0.553125
0.626589
0.549248
0.517708
0.763113
0.127217
0.572488
0.383807
0.481283
0.644504
0.857012
0.147217
0.339738
0.842962
0.498716
0.383711
0.304833
0.784324
0.821796
0.576309
0.717066
0.563809
0.624951
0.363651
0.500629
0.806434
0.6419
0.668327
0.174026
0.655871
0.256189
0.238433
0.520752
0.573991
0.689324
0.762765
0.311359
0.585981
0.580059
0.374396
0.54151
0.467293
0.865712
0.634527
0.812879
0.571338
0.655642
0.477916
0.41535
0.310233
0.181914
0.434544
0.318254
0.519424
0.0855818
0.262187
0.675585
0.458001
0.699726
0.267813
0.3835
0.281117
0.809712
0.917775
0.467744
0.748435
0.814171
0.193934
0.703657
0.604876
0.415072
0.436592
0.256424
0.0779095
0.79528
0.81173
0.135276
0.401617
0.252043
0.874247
0.783563
0.17942
0.859273
0.440172
0.543437
0.283517
0.232344
0.174488
0.827689
0.852195
0.0799663
0.354511
0.528373
0.565539
0.492718
0.499006
0.545692
0.680863
0.515933
0.314127
0.631862
0.267353
0.178274
0.136277
0.440105
0.918585
0.293977
0.695404
0.572607
0.481354
0.639191
0.338617
0.333068
1.02333
0.480142
0.404458
0.971845
0.728843
0.320951
0.171656
0.319851
0.341609
0.563433
0.294261
0.691549
0.563824
0.604566
0.787526
0.654865
0.672987
0.487811
0.83678
0.551861
0.19956
0.314639
0.413707
0.991516
0.675536
0.498065
0.257113
0.160431
0.935093
0.129534
0.219023
0.705418
0.0671076
0.239231
0.680662
0.350381
0.563593
0.687192
0.055211
0.611578
0.742481
0.966378
0.608762
0.80883
0.739416
0.746142
0.609966
0.412517
0.58328
0.716092
0.965653
0.228833
0.433673
0.938305
0.618599
0.510671
0.431858
0.910763
0.948078
0.591447
0.842391
0.690995
0.683801
0.365315
0.604558
0.882894
0.731639
0.794253
0.059907
0.716646
0.246004
0.3636
0.552055
0.69929
0.811501
0.884197
0.322094
0.614767
0.704806
0.436591
0.513672
0.579149
0.973537
0.691873
0.933986
0.582644
0.775339
0.599666
0.542475
0.437151
0.284278
0.558402
0.441144
0.646295
0.135233
0.386876
0.788721
0.565372
0.8248
0.276504
0.368995
0.362639
0.926221
1.00905
0.555255
0.8301
0.928048
0.315684
0.803371
0.679023
0.397967
0.517675
0.381918
0.182407
0.886593
0.938902
0.252186
0.471209
0.285795
0.997771
0.907898
0.156063
0.197684
0.352497
0.208655
0.610568
0.699489
0.826483
0.494024
0.515237
0.598955
0.575339
0.816017
0.838403
0.1057
0.914409
0.711033
0.129495
0.264285
0.370091
0.351619
0.319692
0.715621
0.666355
0.15844
0.374001
0.523514
0.0620222
0.809763
0.650786
0.689074
0.883271
0.0431366
0.630989
0.911381
0.294019
0.424871
0.609884
0.127786
0.720468
0.123262
0.592982
0.79405
0.654818
0.619681
0.69499
0.741642
0.686102
0.659626
0.657985
0.518947
0.528707
0.387503
0.713953
0.840243
0.290659
0.321087
0.656627
0.528217
0.946904
0.335072
0.630211
0.637092
0.427242
0.204479
0.281439
0.236269
0.529447
0.501476
0.430003
0.912861
0.633874
0.925391
0.326405
1.07522
0.986668
0.457607
0.343512
0.342275
0.694275
0.519545
0.669382
0.613006
0.479057
0.502894
0.457163
0.806308
0.835511
0.194442
0.852501
0.651985
0.28833
0.0884254
0.367611
0.50873
0.407506
0.692843
0.468682
0.322321
0.178637
0.389435
0.139832
0.72877
0.654523
0.709745
0.694949
0.203859
0.598365
0.740238
0.242017
0.394205
0.697378
0.293776
0.750668
0.19221
0.600255
0.686157
0.558449
0.49666
0.525225
0.632599
0.553902
0.597688
0.468335
0.392877
0.56342
0.359443
0.703271
0.650824
0.133545
0.182592
0.705935
0.666235
0.795654
0.471441
0.68992
0.479849
0.507644
0.315222
0.14529
0.215048
0.400733
0.318599
0.551643
0.883967
0.463524
0.759075
0.132285
1.01897
0.926232
0.260022
0.247988
0.385042
0.545552
0.590218
0.363456
0.163917
0.288363
0.301728
0.471431
0.497696
0.442129
0.564326
0.362586
0.289488
0.42418
0.024687
0.366374
0.178439
0.36518
0.641659
0.301159
0.452902
0.293845
0.356444
0.470201
0.312953
0.366233
0.742064
0.39397
0.27852
0.70335
0.57628
0.0761056
0.391965
0.301828
0.407691
0.454093
0.257434
0.479321
0.33789
0.345349
0.508732
0.431969
0.416975
0.313815
0.553483
0.275097
0.225051
0.043827
0.368018
0.709096
0.472591
0.232457
0.369519
0.441712
0.6883
0.298269
0.360164
0.428403
0.222429
0.209931
0.488357
0.131908
0.28724
0.40662
0.321094
0.562038
0.460869
0.702881
0.361114
0.723295
0.63577
0.485812
0.404877
0.743399
0.822907
0.286066
0.400801
0.535539
0.540182
0.6549
0.67151
0.313767
0.79329
0.598378
0.0819956
0.428184
0.252818
0.168565
0.12643
0.569743
0.775785
0.0682167
0.513154
0.514641
0.254602
0.712631
0.48757
0.511749
0.939193
0.247914
0.499908
0.927801
0.500658
0.321906
0.403296
0.088862
0.535958
0.331736
0.431005
0.727303
0.585836
0.585258
0.720033
0.679785
0.656898
0.553971
0.72722
0.500984
0.351024
0.291745
0.55829
0.900822
0.466799
0.363437
0.463563
0.327362
0.928792
0.131197
0.432852
0.64657
0.227921
0.0417393
0.466521
0.210771
0.513128
0.566819
0.22208
0.763074
0.664401
0.932527
0.438024
0.943519
0.861469
0.580512
0.896127
0.88093
0.159771
0.382025
0.555086
0.611368
0.385079
0.379653
0.716266
0.606621
0.483475
0.486873
0.781873
0.362336
0.336587
0.294047
0.373479
1.02307
0.468058
0.83108
0.639652
0.647719
0.60189
0.270828
0.228369
1.08472
0.651513
0.377964
1.00633
0.894521
0.390086
0.0139025
0.493211
0.21304
0.733588
0.254333
0.680872
0.575296
0.642398
0.846381
0.655499
0.702851
0.473257
0.921803
0.61626
0.188724
0.40034
0.335409
1.05844
0.827794
0.616799
0.126506
0.214993
0.943267
0.301192
0.0857332
0.762983
0.18777
0.406723
0.836304
0.486439
0.626574
0.785731
0.206856
0.505575
0.810848
0.993669
0.740681
0.708529
0.653282
0.870205
0.20484
0.907218
0.517709
0.364561
0.292091
0.757203
0.795672
0.713839
0.647509
0.528206
0.736006
0.507974
0.560365
0.896718
0.719227
0.648951
0.243724
0.764628
0.403209
0.257455
0.652068
0.507091
0.691716
0.766514
0.197229
0.717399
0.572349
0.227288
0.688514
0.511843
0.906453
0.746604
0.816873
0.710325
0.668992
0.395483
0.376783
0.275312
0.0669807
0.363484
0.249215
0.493994
0.093718
0.280228
0.70826
0.513187
0.686127
0.163909
0.529997
0.387538
0.829619
0.987003
0.328009
0.833692
0.841432
0.138936
0.763723
0.702165
0.561646
0.532701
0.269627
0.20096
0.86663
0.762721
0.085658
0.254732
0.39077
0.793066
0.707238
0.325648
0.92766
0.504233
0.327533
0.289111
0.657976
0.695742
0.861061
0.4982
0.436105
0.834813
0.677054
0.59731
0.956551
0.768131
0.567693
0.445189
0.858567
0.585472
0.310026
0.788571
0.372063
0.637294
0.708878
0.26397
0.851999
0.514785
0.126912
0.866632
0.533951
0.893099
0.846611
0.756697
0.860925
0.631593
0.251717
0.307353
0.247839
0.158103
0.245174
0.179834
0.421214
0.29851
0.322002
0.694745
0.54939
0.609973
0.267031
0.706615
0.505718
0.790755
1.01175
0.129421
0.8884
0.812203
0.190297
0.785185
0.781348
0.738167
0.621892
0.30992
0.368227
0.899211
0.634221
0.214037
0.114221
0.552377
0.624217
0.546737
0.517697
0.426421
0.602112
0.642408
0.524832
0.525528
0.598126
0.728655
0.575827
0.364934
0.701264
0.347029
0.181039
0.210251
0.4879
0.997719
0.339862
0.769746
0.651674
0.540305
0.698889
0.383478
0.363258
1.10261
0.531681
0.464307
1.04838
0.786724
0.398929
0.150972
0.368539
0.360838
0.616445
0.346797
0.758669
0.634958
0.680524
0.86637
0.724344
0.748046
0.552217
0.916746
0.630663
0.255123
0.394043
0.456711
1.07108
0.743591
0.576527
0.272206
0.0848597
1.00725
0.161528
0.230106
0.784009
0.144103
0.301355
0.746794
0.42675
0.642309
0.766922
0.0640274
0.645626
0.821921
1.04188
0.684418
0.846656
0.782959
0.822996
0.176804
0.22948
0.329151
0.360718
0.601131
0.40041
0.199357
0.451079
0.549665
0.15083
0.48781
0.30191
0.213851
0.671658
0.459687
0.549458
0.265991
0.514632
0.311959
0.195547
0.266212
0.703308
0.556077
0.119824
0.627718
0.719636
0.0906317
0.393308
0.463259
0.315602
0.611874
0.156948
0.341065
0.20933
0.261005
0.465326
0.301226
0.32452
0.15317
0.553079
0.241762
0.193372
0.128235
0.227844
0.678362
0.597942
0.325137
0.313491
0.51118
0.580954
0.417952
0.323724
0.382168
0.287781
0.366492
0.618624
0.285229
0.250692
0.436628
0.405529
0.406383
0.433466
0.618186
0.459895
0.559985
0.471929
0.558234
0.0789249
0.401402
0.439251
0.665163
0.360167
0.181537
0.567719
0.551648
0.288483
0.647945
0.45815
0.287636
0.55583
0.584283
0.513137
0.152103
0.580543
0.227239
0.328297
0.402938
0.538336
0.634504
0.207816
0.451693
0.740778
0.219689
0.566943
0.580153
0.453101
0.671533
0.311394
0.195987
0.0563547
0.090835
0.304883
0.145352
0.148088
0.135771
0.418255
0.132889
0.367736
0.244598
0.322718
0.517946
0.595893
0.321632
0.472863
0.686654
0.407601
0.578229
0.490101
0.225646
0.461282
0.496205
0.622612
0.365066
0.133462
0.341344
0.577546
0.431785
0.286385
0.441405
0.436647
0.526511
0.432793
0.493045
0.480213
0.517983
0.631279
0.428746
0.259535
0.561258
0.496647
0.308213
0.668046
0.479183
0.36576
0.476934
0.581733
0.447026
0.0787273
0.549481
0.2898
0.400057
0.47485
0.47395
0.607595
0.282574
0.406346
0.688999
0.245461
0.622485
0.573488
0.52528
0.635678
0.377253
0.229168
0.117108
0.0454777
0.236466
0.175699
0.116734
0.214696
0.340649
0.0658471
0.422645
0.260387
0.39973
0.450062
0.538614
0.274789
0.538335
0.725749
0.38863
0.59958
0.551977
0.154042
0.49886
0.499183
0.566832
0.350287
0.0615346
0.264701
0.611235
0.509049
0.210915
0.402601
0.376431
0.593238
0.499849
0.420078
0.0385169
0.91138
0.238667
0.229361
0.724964
0.878684
0.450193
0.669531
0.530368
0.118932
0.957097
0.722333
0.875212
0.547712
0.826746
0.295841
0.167472
0.161605
0.909531
0.858784
0.214808
0.781563
1.04495
0.412207
0.398556
0.735717
0.173762
0.924234
0.22483
0.410478
0.38046
0.484292
0.692856
0.413761
0.512167
0.265948
0.818505
0.525147
0.307073
0.44783
0.103499
0.897924
0.927022
0.6533
0.25869
0.595787
0.673607
0.610486
0.300577
0.620796
0.44997
0.632848
0.947315
0.602661
0.529184
0.736004
0.545559
0.121012
0.684621
0.755745
0.787163
0.323588
0.272245
0.875169
0.935311
0.264439
0.267877
0.74358
0.909297
0.475739
0.676932
0.545913
0.154599
0.994761
0.739372
0.908668
0.584786
0.851361
0.331692
0.187617
0.166047
0.947863
0.881348
0.249165
0.818994
1.07295
0.44138
0.392731
0.754035
0.166665
0.948606
0.245429
0.447503
0.418911
0.52259
0.731361
0.451816
0.550676
0.303997
0.856656
0.562051
0.321068
0.47625
0.132929
0.936393
0.957751
0.685676
0.254868
0.59311
0.709287
0.620177
0.297328
0.659168
0.460481
0.651349
0.977433
0.629438
0.566312
0.772666
0.550537
0.130079
0.722901
0.792758
0.820029
0.331591
0.289969
0.910382
0.995961
0.792196
0.233235
0.226846
0.461884
0.448762
0.424954
0.807301
0.643735
0.259476
0.345952
0.570628
0.0866694
0.883895
0.747944
0.789521
0.886477
0.0665741
0.719353
0.934544
0.196096
0.51059
0.715574
0.229838
0.822478
0.018898
0.690376
0.85678
0.721516
0.6737
0.719189
0.803484
0.735816
0.739352
0.659892
0.570209
0.63025
0.47299
0.808499
0.841821
0.236297
0.360967
0.76062
0.628737
0.985953
0.438012
0.734998
0.670895
0.532621
0.31
0.217351
0.316151
0.579494
0.512881
0.534179
1.00413
0.657455
0.952856
0.32436
1.1593
1.06904
0.435409
0.203791
0.849726
0.908388
0.550351
0.847706
0.680202
0.241136
0.877698
0.855769
0.873172
0.507346
0.909329
0.143108
0.345176
0.378723
0.761928
0.954496
0.293448
0.609394
1.09371
0.48992
0.620492
0.861723
0.405234
1.00525
0.386753
0.253426
0.311741
0.409876
0.580574
0.285552
0.403026
0.256848
0.726795
0.491134
0.48151
0.527047
0.273011
0.760812
0.953788
0.675936
0.481876
0.806807
0.477956
0.781753
0.520946
0.527924
0.625504
0.7623
0.979471
0.680609
0.489515
0.690312
0.735995
0.153586
0.59328
0.576372
0.796293
0.166947
0.0737315
0.848612
0.650427
0.71176
0.350183
0.670201
0.492144
0.131899
0.734398
0.658561
0.686464
0.33336
0.705555
0.123299
0.215912
0.280348
0.681828
0.750904
0.111664
0.562029
0.893831
0.287334
0.497014
0.662596
0.325146
0.80158
0.232259
0.202446
0.152043
0.25741
0.463574
0.191345
0.282946
0.0543436
0.592128
0.313086
0.320712
0.324101
0.174873
0.669027
0.758222
0.479004
0.373612
0.658999
0.471002
0.601687
0.403499
0.392763
0.454015
0.565183
0.782665
0.476843
0.314652
0.522834
0.570609
0.250496
0.457349
0.540079
0.604787
0.368117
0.276899
0.672536
0.369503
0.300249
0.226216
0.204015
0.633991
0.742656
0.0339907
0.465423
0.524834
0.181348
0.759688
0.557567
0.586719
0.928533
0.166915
0.558064
0.932625
0.423393
0.365591
0.485254
0.0124505
0.613284
0.251513
0.500158
0.762888
0.620883
0.606735
0.719822
0.713071
0.67724
0.602913
0.709681
0.514514
0.425262
0.331303
0.626005
0.88808
0.403883
0.348771
0.5432
0.39933
0.947051
0.205577
0.513538
0.651623
0.30861
0.0922309
0.399934
0.213027
0.526246
0.548756
0.300962
0.82962
0.661411
0.941005
0.399331
1.00431
0.919669
0.540099
0.448666
0.593034
0.495912
0.763093
0.416928
0.403319
0.119352
0.422731
0.202373
0.778882
0.731561
0.789551
0.668387
0.258373
0.667375
0.734163
0.193944
0.46872
0.785182
0.373675
0.831833
0.21738
0.678671
0.724714
0.605434
0.531988
0.524867
0.671673
0.581963
0.657509
0.443603
0.430848
0.646841
0.435778
0.776477
0.623015
0.0486124
0.232815
0.790224
0.753542
0.805814
0.558216
0.775519
0.492365
0.59561
0.402636
0.0710847
0.299392
0.436745
0.311327
0.639707
0.950422
0.464535
0.75733
0.125967
1.07533
0.981886
0.209327
0.361
0.171332
0.345855
0.662649
0.309467
0.47738
0.306246
0.376716
0.460912
0.290175
0.342213
0.756261
0.412053
0.2616
0.712438
0.599316
0.069712
0.369579
0.312434
0.383301
0.474305
0.234156
0.476093
0.335729
0.35077
0.521424
0.430167
0.421953
0.303094
0.571379
0.286396
0.200397
0.0483983
0.346963
0.724171
0.497044
0.256196
0.344874
0.426784
0.692149
0.291903
0.335858
0.440154
0.204392
0.216743
0.512582
0.15489
0.298377
0.426736
0.307552
0.543022
0.475243
0.710582
0.385548
0.707649
0.621135
0.509357
0.189898
0.609308
0.942709
0.194023
0.681416
0.65561
0.407128
0.791795
0.511288
0.510897
1.09375
0.38294
0.561299
1.06831
0.643851
0.428429
0.329514
0.224939
0.519672
0.467633
0.46242
0.828379
0.691838
0.711338
0.867533
0.785952
0.782751
0.634754
0.88755
0.638828
0.368676
0.407962
0.586476
1.05711
0.629274
0.525876
0.434174
0.183628
1.05313
0.0699716
0.394677
0.790069
0.222921
0.203884
0.626092
0.369842
0.651078
0.728526
0.131092
0.787342
0.814957
1.06898
0.606477
0.982217
0.909405
0.748967
0.450137
0.791343
0.194646
0.559831
0.471327
0.353869
0.611138
0.363539
0.385377
0.916366
0.361795
0.387683
0.881789
0.600476
0.238552
0.295006
0.212945
0.409809
0.441726
0.30793
0.640626
0.502787
0.522042
0.685475
0.597103
0.593281
0.452478
0.719147
0.453216
0.224995
0.218798
0.435689
0.8818
0.540013
0.369019
0.339384
0.277418
0.863312
0.120574
0.310966
0.606054
0.107755
0.115525
0.546054
0.216791
0.465402
0.564689
0.155012
0.640715
0.635584
0.881078
0.474167
0.825518
0.746227
0.61301
0.841711
0.635314
0.756776
0.430724
0.721575
0.234054
0.104909
0.154333
0.810133
0.757795
0.0964177
0.693813
0.93303
0.300513
0.387357
0.645381
0.195496
0.819219
0.146899
0.332085
0.273777
0.373936
0.586208
0.323211
0.409434
0.155023
0.70589
0.407792
0.241267
0.337283
0.0436016
0.79529
0.811236
0.535872
0.25422
0.567035
0.600895
0.544858
0.28923
0.510942
0.386448
0.543129
0.832317
0.494218
0.412341
0.618173
0.495158
0.197241
0.573405
0.671959
0.669188
0.375597
0.300115
0.75626
0.775627
0.297841
0.412415
0.607705
0.734954
0.863138
0.936395
0.296604
0.669672
0.754007
0.430728
0.55453
0.635402
1.03115
0.750574
0.986419
0.634125
0.828593
0.630546
0.584039
0.478078
0.305949
0.592322
0.474723
0.691576
0.153247
0.436208
0.844788
0.622738
0.873563
0.252844
0.41644
0.422389
0.981108
1.06876
0.560594
0.890007
0.983947
0.349918
0.862268
0.73883
0.444101
0.57756
0.430317
0.237846
0.946268
0.980137
0.284419
0.468242
0.343914
1.02962
0.941243
0.209507
0.499346
0.548596
0.213126
0.770342
0.554907
0.579939
0.958009
0.192911
0.562881
0.958445
0.452185
0.376843
0.465629
0.0309225
0.604084
0.278092
0.49807
0.778451
0.636451
0.627174
0.746735
0.729467
0.698177
0.612483
0.740328
0.53726
0.419112
0.34408
0.625029
0.917952
0.43728
0.378136
0.531039
0.369961
0.968961
0.178845
0.499602
0.677076
0.29498
0.0934944
0.432761
0.237101
0.549148
0.579306
0.276252
0.829551
0.688926
0.965834
0.432606
1.00796
0.92478
0.573647
0.368703
0.313483
0.73654
0.741555
0.806139
0.553279
0.373501
0.660467
0.630493
0.285326
0.480172
0.836166
0.47149
0.85194
0.336731
0.693298
0.666977
0.562464
0.475271
0.428901
0.615769
0.514347
0.633582
0.331295
0.382642
0.677413
0.452974
0.776424
0.507606
0.128328
0.226367
0.821811
0.829919
0.714886
0.63864
0.812934
0.409968
0.650546
0.481807
0.159528
0.346494
0.385499
0.218151
0.711184
0.933611
0.371524
0.656711
0.091973
1.03905
0.945395
0.0901883
0.491844
0.368489
0.452193
0.52621
0.451087
0.552666
0.34163
0.413718
0.616112
0.254552
0.64972
0.536668
0.57655
0.573509
0.421653
0.302223
0.195611
0.109269
0.215179
0.249546
0.165258
0.285281
0.287158
0.0243081
0.452675
0.25823
0.461387
0.421058
0.463353
0.209855
0.579457
0.732654
0.42465
0.589462
0.588116
0.134735
0.507747
0.472938
0.492219
0.311872
0.01873
0.189642
0.613783
0.583787
0.171813
0.417999
0.30045
0.671964
0.578563
0.341902
0.797951
0.664338
0.708145
0.832095
0.0653826
0.633062
0.868127
0.247492
0.424143
0.648124
0.182234
0.742665
0.0976492
0.606998
0.773292
0.636861
0.592649
0.651767
0.720183
0.656469
0.652765
0.605886
0.489851
0.550334
0.386561
0.72364
0.788443
0.228994
0.2839
0.684036
0.57991
0.91153
0.384635
0.660487
0.598352
0.461342
0.242184
0.22102
0.229538
0.499614
0.452173
0.476437
0.918204
0.590194
0.884136
0.271185
1.07263
0.982391
0.398439
0.33145
0.388381
0.632629
0.847863
0.234949
0.491292
0.967714
0.394103
0.615599
0.772029
0.428248
0.89161
0.353989
0.120381
0.174416
0.267846
0.440117
0.143709
0.260573
0.159002
0.584554
0.353947
0.443775
0.42887
0.276925
0.627743
0.822978
0.548473
0.487024
0.781824
0.377766
0.722873
0.519806
0.385067
0.576984
0.677604
0.849832
0.573515
0.351204
0.548571
0.693814
0.262568
0.450565
0.462835
0.662933
0.303906
0.211093
0.70815
0.0748027
0.865694
0.693732
0.122974
0.764204
0.889231
0.263547
0.284621
0.568279
0.125225
0.761415
0.0578402
0.417386
0.3315
0.419052
0.633135
0.399025
0.467308
0.216525
0.737619
0.428002
0.143208
0.295811
0.0752353
0.84621
0.780172
0.515532
0.157782
0.462174
0.684597
0.449106
0.188419
0.552923
0.28883
0.465419
0.798162
0.444829
0.435173
0.630347
0.3933
0.278302
0.610869
0.746291
0.650795
0.470973
0.401086
0.753549
0.939892
0.73221
0.196517
0.835756
0.939985
0.326002
0.242178
0.596596
0.0504734
0.804006
0.112888
0.482775
0.404495
0.493635
0.707811
0.468174
0.540779
0.287681
0.812068
0.50197
0.161506
0.355237
0.112078
0.920771
0.838099
0.579774
0.103214
0.43528
0.751307
0.454444
0.142654
0.627709
0.295371
0.494855
0.854517
0.496545
0.50936
0.702571
0.38503
0.28238
0.68564
0.816711
0.714721
0.483995
0.425193
0.822016
0.897338
0.743439
0.176158
0.832448
0.705353
1.09556
0.938773
0.989588
0.880714
0.849141
0.512586
0.537498
0.44763
0.238431
0.497224
0.400923
0.65676
0.226673
0.472743
0.89607
0.708698
0.850296
0.0458908
0.681148
0.579892
1.01067
1.18305
0.330474
1.0309
1.02573
0.321876
0.958779
0.898158
0.711702
0.728427
0.461463
0.382434
1.06314
0.895178
0.281195
0.218351
0.562863
0.88627
0.810453
0.465311
0.672476
0.932953
0.260989
0.465548
0.65052
0.163286
0.763542
0.085198
0.635942
0.828817
0.690607
0.651411
0.71653
0.776073
0.716546
0.699088
0.671039
0.549493
0.571825
0.428056
0.756589
0.853606
0.278137
0.34651
0.69934
0.562346
0.974136
0.37145
0.67257
0.661941
0.469143
0.246352
0.26461
0.274696
0.559616
0.517555
0.467763
0.955017
0.655024
0.948533
0.335839
1.11596
1.02698
0.460171
0.641664
0.839282
0.209203
0.391194
0.569897
0.246163
0.730518
0.123831
0.30293
0.208537
0.298017
0.512391
0.279324
0.344406
0.0959303
0.622787
0.318025
0.209263
0.246651
0.120221
0.724825
0.715411
0.43952
0.276773
0.547693
0.566669
0.493498
0.301746
0.433416
0.343166
0.469518
0.736861
0.404118
0.323697
0.526544
0.459244
0.286572
0.493199
0.624514
0.572772
0.446532
0.361905
0.661317
0.915802
0.651651
1.01836
0.94401
0.883487
0.932215
0.758001
0.372083
0.433982
0.36811
0.216466
0.370728
0.303628
0.548106
0.308171
0.429529
0.81942
0.664112
0.7363
0.198891
0.757189
0.591639
0.91748
1.13196
0.154788
1.00125
0.938518
0.281515
0.905087
0.886063
0.788856
0.721542
0.417273
0.424069
1.01744
0.751249
0.277936
0.0422535
0.614521
0.721675
0.651153
0.551714
0.633011
0.895222
0.421717
0.977944
0.177246
0.833471
0.917668
0.795492
0.725285
0.711904
0.86445
0.775907
0.83951
0.614924
0.623374
0.786845
0.597118
0.941562
0.786558
0.160028
0.419241
0.924917
0.822135
0.99587
0.628902
0.903729
0.684496
0.707483
0.489671
0.128476
0.444456
0.629707
0.498612
0.72273
1.12537
0.652884
0.941625
0.319435
1.26038
1.16742
0.368335
0.399204
0.377927
0.371944
0.521481
0.213239
0.406387
0.266098
0.286279
0.46804
0.360557
0.356606
0.237904
0.532039
0.232615
0.209597
0.0376116
0.309071
0.675578
0.517293
0.253829
0.349543
0.481376
0.625201
0.358851
0.34899
0.385313
0.254855
0.284929
0.536244
0.194937
0.244
0.397559
0.365798
0.495409
0.426189
0.647797
0.38872
0.650422
0.561887
0.499913
0.491287
0.226204
0.733038
0.267477
0.694121
0.587769
0.653936
0.857173
0.668422
0.714809
0.486368
0.931161
0.626429
0.199937
0.408467
0.349312
1.06897
0.830829
0.623202
0.140114
0.202915
0.956172
0.296556
0.0995727
0.773749
0.189952
0.406568
0.838838
0.490864
0.636843
0.794019
0.200812
0.518959
0.821091
1.00596
0.746056
0.721936
0.667012
0.876494
0.622596
0.248332
0.510957
0.775335
0.633331
0.618963
0.730958
0.725506
0.689416
0.615181
0.719393
0.5265
0.435215
0.343701
0.637031
0.898151
0.406985
0.359202
0.551706
0.400443
0.959104
0.208181
0.521516
0.663121
0.316543
0.102877
0.402088
0.22495
0.53821
0.558554
0.304703
0.840825
0.672384
0.952601
0.406946
1.01605
0.931574
0.547208
0.837514
0.160301
0.527027
0.453488
0.543729
0.757983
0.514712
0.589996
0.335845
0.862514
0.552298
0.19235
0.399657
0.151946
0.970805
0.880272
0.625698
0.0887633
0.426591
0.795861
0.467681
0.131189
0.67804
0.31278
0.522328
0.895792
0.536339
0.55975
0.752189
0.390502
0.293196
0.736091
0.863671
0.760279
0.496175
0.445235
0.869802
0.70396
0.86212
0.727878
0.677619
0.717419
0.808718
0.738767
0.748477
0.654342
0.573881
0.645202
0.483928
0.821185
0.835847
0.223591
0.363655
0.776525
0.647496
0.986486
0.456511
0.751346
0.670994
0.549454
0.327062
0.203146
0.326651
0.582904
0.509486
0.552474
1.01581
0.655726
0.951283
0.319911
1.16909
1.07848
0.4266
0.42672
0.324339
0.401672
0.613291
0.401511
0.456359
0.218928
0.708745
0.397349
0.0947625
0.243303
0.127778
0.827002
0.72727
0.466932
0.161541
0.428595
0.689259
0.398296
0.180673
0.53129
0.239549
0.40808
0.744483
0.389038
0.405647
0.593189
0.349449
0.332791
0.586084
0.743069
0.60194
0.521099
0.447014
0.709573
0.142036
0.19306
0.328812
0.053574
0.159885
0.208474
0.478009
0.294407
0.50715
0.435611
0.375635
0.508816
0.76557
0.503625
0.575135
0.84327
0.268848
0.758429
0.603349
0.284346
0.625938
0.688926
0.794407
0.56096
0.287998
0.464138
0.744233
0.382831
0.347655
0.345276
0.602592
0.399075
0.311812
0.627131
0.106
0.31294
0.0944715
0.136732
0.119333
0.440304
0.179843
0.391661
0.294098
0.313019
0.521599
0.649063
0.376694
0.483512
0.719805
0.372529
0.621897
0.505003
0.240728
0.497109
0.547182
0.676255
0.420349
0.1778
0.380769
0.614752
0.396474
0.305359
0.418835
0.488587
0.47675
0.383204
0.537183
0.214374
0.140764
0.0717837
0.219264
0.334751
0.103959
0.454095
0.303383
0.410815
0.427158
0.572538
0.315111
0.563209
0.76437
0.343743
0.642571
0.579498
0.137009
0.537624
0.544344
0.601477
0.39566
0.0960308
0.280728
0.651373
0.502199
0.200338
0.361909
0.409533
0.571463
0.47893
0.441053
0.29653
0.182874
0.431201
0.152898
0.235707
0.657791
0.473374
0.624236
0.213711
0.551975
0.375848
0.774598
0.947696
0.286919
0.802525
0.788395
0.0834456
0.722319
0.678389
0.583651
0.510999
0.224105
0.213716
0.82896
0.696181
0.061737
0.233941
0.402229
0.726898
0.64062
0.359608
0.117619
0.183424
0.441248
0.241093
0.476461
0.388148
0.365943
0.488869
0.712838
0.450058
0.555584
0.809176
0.287774
0.715991
0.580992
0.242963
0.588521
0.640852
0.741516
0.509369
0.234937
0.416058
0.706557
0.401669
0.307969
0.349078
0.549995
0.439707
0.349513
0.578425
0.255864
0.323984
0.167169
0.515793
0.374804
0.449377
0.386257
0.619889
0.375113
0.617082
0.832264
0.271983
0.713845
0.636316
0.12549
0.605918
0.615916
0.649853
0.46542
0.156938
0.306001
0.720667
0.513521
0.190351
0.29398
0.457047
0.556635
0.466988
0.469317
0.552688
0.263981
0.299117
0.273943
0.193694
0.640841
0.704046
0.42479
0.372302
0.636484
0.47076
0.56545
0.397671
0.356236
0.423664
0.519451
0.728392
0.424617
0.266564
0.474874
0.541606
0.301038
0.419276
0.529766
0.551182
0.422013
0.330291
0.621855
0.311444
0.737072
0.526736
0.740376
0.182568
0.459615
0.363946
0.866447
0.993309
0.420385
0.828188
0.874039
0.201099
0.775605
0.687167
0.490785
0.51803
0.303169
0.161039
0.87119
0.834067
0.135388
0.340218
0.3362
0.877039
0.789269
0.246972
0.428999
0.238133
0.437934
0.443513
0.472772
0.211153
0.555245
0.712099
0.432811
0.572063
0.564125
0.153776
0.486617
0.459389
0.500993
0.301586
0.0122571
0.211178
0.593867
0.563575
0.194709
0.431896
0.310688
0.656558
0.562966
0.360167
0.22764
0.218116
0.870143
0.694885
0.454124
0.144484
0.33845
0.763053
0.305909
0.139426
0.574428
0.145851
0.333353
0.708696
0.348372
0.439021
0.606957
0.254765
0.421204
0.623213
0.808113
0.585483
0.613672
0.541259
0.705516
0.344464
0.677071
0.484391
0.227597
0.370773
0.474477
0.64566
0.339244
0.366409
0.391908
0.250635
0.25342
0.502463
0.157476
0.25008
0.385575
0.355736
0.532648
0.427882
0.662511
0.361094
0.687904
0.599173
0.477904
0.834504
0.824907
0.55291
0.21366
0.533944
0.644461
0.523987
0.250293
0.547598
0.363897
0.534227
0.844771
0.49917
0.443303
0.646765
0.468282
0.205029
0.609098
0.714895
0.687439
0.395754
0.32657
0.780339
0.635399
0.539902
0.9883
1.1507
0.349222
0.99512
1.00178
0.296277
0.927627
0.860018
0.66591
0.690206
0.432644
0.340425
1.03009
0.889618
0.249458
0.240733
0.518618
0.891169
0.812494
0.419495
0.27929
0.838067
0.793531
0.835873
0.597615
0.822878
0.52517
0.641023
0.443431
0.0317144
0.347028
0.478065
0.338593
0.681451
0.99796
0.492859
0.782291
0.163161
1.12072
1.02717
0.216178
0.598004
0.646424
0.627722
0.469619
0.591562
0.316034
0.444875
0.323772
0.303814
0.156504
0.219653
0.203383
0.524003
0.719501
0.315648
0.60453
0.135265
0.842854
0.749522
0.253449
0.338278
0.841978
0.38525
0.0424776
0.692356
0.236254
0.454352
0.851056
0.49109
0.564145
0.743868
0.303985
0.379379
0.746144
0.901145
0.729863
0.582242
0.527039
0.848429
1.09206
0.196168
0.295869
0.865731
0.22689
0.351014
0.793867
0.492996
0.723872
0.841003
0.122627
0.716786
0.901997
1.12597
0.74749
0.919118
0.85882
0.888075
0.983835
0.868411
0.315852
0.868113
0.887726
0.867396
0.734307
0.421298
0.4976
0.984935
0.626752
0.343453
0.113336
0.680774
0.575544
0.51129
0.646381
0.348143
0.724136
0.160629
0.156961
0.597701
0.313156
0.584292
0.67061
0.0988556
0.726696
0.751068
1.00115
0.559374
0.919233
0.844616
0.701379
0.705506
0.204973
0.42648
0.834491
0.476208
0.57362
0.746158
0.263942
0.421416
0.757077
0.923739
0.721235
0.624165
0.567706
0.843862
0.639912
0.604832
0.556302
0.440082
0.14189
0.193231
0.747643
0.632996
0.0658251
0.289913
0.366608
0.682088
0.592443
0.354501
0.222808
0.648887
0.304081
0.498238
0.628621
0.1183
0.566102
0.678312
0.89938
0.561763
0.75952
0.686563
0.696096
0.445615
0.169813
0.471521
0.527079
0.238416
0.738196
0.622903
0.890851
0.403808
0.914943
0.831422
0.546175
0.360326
0.506604
0.370218
0.684031
1.02058
0.524466
0.814004
0.192812
1.14642
1.05297
0.24645
0.313268
0.358684
0.371299
0.690043
0.454372
0.728744
0.258503
0.843303
0.753438
0.396261
0.208372
0.605795
0.565092
0.184275
0.419682
0.315508
0.654421
0.560945
0.360179
0.718432
0.773116
0.154289
0.446111
0.190508
0.85212
0.759658
0.163323
0.664972
0.781946
1.01325
0.627271
0.863007
0.794265
0.767111
0.698686
0.720575
0.849455
0.203
0.162639
0.922704
0.295572
0.341186
0.746283
0.657196
0.306779
0.63578
0.684175
0.615651
0.58038
0.962966
0.869262
0.142491
0.0937183
1.01205
0.919065
