18.0058
18.308
18.0429
18.1424
18.2358
18.1261
18.3549
18.178
18.2656
18.1554
18.2679
18.0631
18.2493
18.3083
18.3458
18.0863
18.1773
18.1865
18.1539
17.9115
18.1135
18.1783
18.2496
18.1701
18.3692
18.5361
18.1843
18.3297
18.2838
18.0455
18.2114
18.3129
18.3692
18.3203
18.0811
18.0311
18.5432
18.4091
18.0161
18.0566
18.176
17.937
18.2627
17.9839
18.2048
18.1919
18.1285
18.2846
18.0957
18.1195
18.4363
17.9747
18.1652
18.2863
18.3523
17.9156
18.3442
18.6811
17.7337
18.1804
18.0237
18.1088
17.9443
18.2241
18.2733
18.418
18.2108
18.2203
18.4166
18.1606
17.8846
18.769
18.4255
18.0913
18.7141
18.3886
18.1698
18.1826
18.0645
18.6301
18.2083
18.4727
18.3401
18.2851
18.3645
18.2048
18.1547
17.8033
17.9348
18.5786
18.3233
18.2369
18.228
18.123
18.022
18.5382
18.5158
18.4443
17.9469
18.098
18.2459
17.951
18.1116
18.2818
18.2642
18.2192
18.2078
17.8505
18.2068
18.3136
18.3476
18.2143
18.1385
18.1502
18.0134
17.8694
18.3271
18.169
18.2606
17.8026
17.6036
18.2755
17.8579
18.207
18.2582
17.8473
18.0925
17.9291
18.4301
18.3942
18.354
18.3361
18.3505
18.1161
17.7244
18.263
17.7992
18.2401
18.0127
18.326
18.1417
18.1829
18.1178
18.0399
18.0617
17.7871
17.9824
17.9981
18.4581
17.8645
18.2089
17.6636
18.3341
18.1363
18.2227
18.3154
17.768
18.0389
17.5165
18.0672
18.3262
17.8556
18.1726
17.8049
18.2376
18.2935
18.5605
18.2829
17.9472
18.3689
18.1879
18.0198
18.0293
17.9997
17.9916
18.3477
17.8131
18.4774
18.2472
17.6854
18.2402
18.0818
18.2815
17.8564
17.7986
18.1746
18.614
18.2325
18.0491
18.2501
18.4162
18.0922
18.2175
18.384
18.1002
17.8856
18.2298
18.2481
18.59
18.4578
18.114
17.9588
18.2106
18.1402
18.2387
18.3234
18.613
18.2332
18.0011
18.0075
18.0818
18.2298
18.0652
18.5438
18.0812
18.3381
18.2875
17.8664
17.7722
17.9589
18.1162
18.729
18.3561
18.2232
18.2861
17.978
18.3785
18.426
18.4944
18.5018
17.9629
18.4441
18.2419
18.1517
18.2905
18.5561
18.314
18.4237
18.1052
18.2433
18.6209
18.4402
18.1811
17.8601
18.335
18.0829
17.8226
18.2847
18.2301
18.3711
18.0433
18.3395
18.4157
18.0865
18.0204
17.7656
18.1298
18.0434
18.2682
18.1256
18.0731
17.9246
18.1742
18.2475
18.4742
18.1877
18.2882
18.589
18.0254
18.0674
18.1586
18.3345
18.1101
18.4176
18.2742
18.2904
18.0992
18.2199
18.1155
18.3361
18.282
18.1985
17.9831
18.2327
18.2046
18.2015
18.1308
18.2677
18.5429
18.3003
18.252
18.1843
18.2551
18.2708
18.0369
17.8667
18.2791
18.245
18.4099
18.16
18.4955
17.9922
18.2465
18.4213
18.1094
18.1003
18.1923
18.4519
18.2671
18.0073
18.0197
18.1418
17.7783
18.7472
18.4919
18.3344
18.4377
18.5391
18.367
18.449
18.3275
18.4676
18.5648
18.3214
18.1732
18.5596
18.3654
18.4104
18.4088
18.2385
18.2753
18.0555
18.3463
18.5002
18.1822
18.407
18.3012
18.4132
18.2711
18.1571
18.304
18.1619
18.1775
18.5845
18.2499
18.3093
17.997
17.9614
18.7741
18.2536
18.1239
18.2311
18.4018
18.2337
18.2588
18.4681
18.0872
18.1779
18.3479
18.5494
18.2091
17.9669
18.2082
18.7549
18.3178
18.4508
18.5578
18.4476
18.2341
18.3722
18.3798
18.2139
18.2311
18.2463
18.5299
18.3115
18.4597
18.0723
18.3146
18.0554
18.3677
18.4579
18.0196
18.2481
18.3639
18.2515
17.8651
18.3109
18.8076
18.1218
18.0503
18.151
18.2471
17.9448
18.0513
17.9849
18.5862
18.0226
18.3715
18.2715
18.2557
18.218
18.1698
18.0496
18.3355
18.2946
18.2223
18.1022
18.4014
18.6423
18.5277
18.0944
18.4338
18.305
18.36
18.0309
18.4447
18.405
18.3119
18.3989
18.2898
17.9987
18.0855
18.3574
17.9789
18.4318
17.8748
18.1824
18.1099
18.2541
18.1235
18.0477
18.5873
18.1135
18.5256
18.1702
18.1514
18.1937
18.0629
18.1672
18.278
18.3575
18.3094
18.498
17.9723
18.1432
18.2281
17.8731
18.341
18.1472
18.1146
18.3001
18.1436
18.0452
18.5697
18.1392
17.9004
18.3781
18.1405
18.2875
18.2606
17.773
18.2615
17.9964
18.1661
18.1001
18.3751
18.1087
18.7488
18.3032
18.4862
17.9735
18.1026
17.7954
18.232
18.5404
18.5175
17.9007
18.0756
17.626
18.2627
18.046
18.5005
18.5831
17.9076
18.24
18.3352
18.318
18.3943
18.4516
18.3106
17.9803
18.8136
18.1936
18.0847
18.2079
18.9363
18.3334
18.6996
18.3348
18.0047
18.6379
18.7675
18.5723
18.277
18.3138
18.2636
17.7915
18.7471
18.0159
18.6545
18.6816
18.2456
18.2376
18.3794
18.2334
18.1218
18.672
18.259
18.3415
18.3258
18.2545
18.5358
18.3044
18.3348
18.3667
18.285
18.1867
18.4157
18.3146
18.4357
18.3745
18.5874
18.4115
18.5012
17.8683
18.4492
18.4487
18.3132
18.2145
18.5856
18.4913
18.1994
18.0775
18.4077
17.8336
18.1717
18.3539
18.2416
18.6791
18.3214
18.2851
18.3768
18.4602
18.4321
18.7782
18.4288
18.482
18.3588
18.3623
18.4048
18.499
18.5015
18.4346
18.7727
18.7167
18.3002
18.2289
18.4537
18.1577
18.4777
18.2838
18.3808
18.3681
18.6828
18.3988
18.5631
18.5211
18.1011
18.4392
18.3464
18.5152
18.1998
18.7517
18.2034
18.6581
18.3412
17.9629
18.1022
18.1627
18.3427
17.7561
18.4363
17.8415
18.205
18.251
18.2055
18.2807
17.9472
18.0359
18.1088
18.2755
17.9944
18.4428
18.2432
18.2599
18.1188
18.4334
18.2469
18.1108
18.1732
18.226
18.4485
18.066
18.0644
18.3172
18.0447
17.9764
18.4845
18.0995
18.1654
18.4576
18.3662
17.935
17.9292
18.49
18.27
18.0391
18.1298
18.4365
18.3154
17.6384
18.0856
18.0914
18.2753
18.5565
18.3176
18.3819
18.3491
18.1599
17.6934
18.172
18.453
18.0491
18.3913
18.5674
18.2632
18.2571
18.2282
17.9697
18.1145
18.5287
18.0634
18.1003
17.982
18.271
18.1023
18.4879
18.3873
18.3315
18.291
18.4978
18.6442
18.454
17.9197
18.386
18.1431
18.198
18.3887
18.2949
18.4804
18.0114
18.1255
18.0115
18.1585
17.9896
17.9404
18.3814
18.2099
18.12
18.1979
18.018
18.2087
18.2159
18.0838
18.0713
17.9072
17.8531
18.1778
18.1978
18.1072
18.0561
18.025
18.3586
18.0858
18.0901
18.4855
18.1946
18.3775
18.2172
17.7157
18.0577
18.1434
18.254
18.2974
18.1145
18.0844
18.3134
17.9928
18.5582
18.1969
18.2704
18.0461
18.1358
17.9856
18.0539
18.1717
18.4275
17.9204
18.2394
18.2057
17.8284
18.142
18.0295
17.8515
17.8208
18.3989
18.0841
18.2695
18.1475
18.0769
18.5522
18.2684
18.6406
18.2022
18.1768
18.5808
18.1637
18.094
18.0502
18.2706
18.2981
18.3182
18.0576
18.0633
18.2343
18.1971
18.2287
18.015
18.2511
18.5128
18.3616
18.2647
18.7704
18.1887
17.9562
17.873
18.2705
18.0816
18.0807
18.151
18.4306
18.555
18.0851
18.3384
18.4539
18.4222
18.6228
18.5765
18.4983
18.2888
18.3334
18.4685
18.4013
18.4188
18.3749
18.4658
18.4834
18.4047
18.4125
18.1035
18.1716
18.505
18.3445
18.6564
18.3933
18.6142
18.6179
18.4316
18.4564
18.5204
18.2249
18.5421
18.5332
18.2741
18.4114
18.4976
18.4103
18.5872
17.7899
18.4454
18.2912
18.688
18.2483
18.2012
18.1802
18.5911
18.1842
18.3392
18.089
18.1329
18.6663
18.0844
18.518
18.1703
18.2757
18.4696
18.2645
18.3248
18.5621
18.2507
18.2567
18.1403
18.5435
18.3745
18.0072
18.2394
18.1903
18.672
18.6517
18.0019
18.2151
18.1571
18.4316
18.6129
18.1378
18.4933
18.4723
18.736
18.4035
18.4559
18.6506
18.0881
18.3007
18.5966
18.6773
18.1295
18.2427
18.6552
18.2236
18.4483
18.3663
18.5846
18.5179
18.5133
18.2457
18.4108
18.2877
18.0395
18.3391
18.2681
18.1006
17.8258
18.3953
18.3423
18.3924
18.1927
18.4845
17.9745
18.1957
18.1153
18.4328
18.8342
18.156
18.2329
17.9925
17.9678
18.3725
18.4487
18.5456
17.8683
18.4687
18.2392
18.2495
18.2566
17.9611
18.1694
17.9547
17.9299
17.6856
18.3233
18.1509
17.9503
18.5983
18.0834
18.2285
18.1219
17.9306
18.1686
18.1787
18.3923
17.9455
18.2109
18.2876
18.4461
18.3385
18.118
18.3016
18.2947
17.963
18.5454
18.2501
17.9593
18.3193
18.6063
17.8611
17.9412
18.2475
18.24
17.8862
18.2611
18.3139
17.9802
18.3601
18.0734
18.2322
18.1856
18.1071
18.1046
18.2329
18.7632
18.2621
17.9995
17.8832
18.1787
18.3388
18.6295
17.7294
18.2686
18.1594
18.2255
18.2028
18.4266
18.5398
17.9587
18.283
18.1914
17.7325
18.0771
18.142
17.8565
18.6078
18.3008
18.6354
18.1609
18.1137
18.2959
17.9534
18.2221
18.0066
18.3208
18.5152
18.0805
18.3747
17.9327
18.1868
18.545
18.2467
18.0924
18.2908
18.2412
17.9078
18.552
17.9643
18.4161
18.0186
18.2116
18.1676
18.0985
18.23
18.4291
18.3758
17.9057
18.1842
18.2257
18.6543
18.1792
17.9591
18.1111
18.3257
18.1219
18.507
18.4828
18.5512
18.37
18.0343
18.4874
18.428
17.6081
18.4439
18.2804
17.9492
18.2459
18.3971
18.4511
17.9429
18.7016
18.6053
18.3129
18.3316
17.8806
18.1589
18.2973
18.4216
18.2148
18.4465
18.2078
18.8169
18.3455
18.6145
18.1549
18.3559
18.2632
18.2051
18.6251
18.6705
17.9772
17.9096
18.3396
18.2703
18.5453
18.4722
18.4068
18.1712
18.1678
18.5488
18.627
18.2252
18.3174
18.4807
18.2432
18.5352
18.0395
18.5983
18.3073
18.726
17.8954
18.6008
18.6983
18.7792
17.75
18.8404
18.4153
18.6223
18.5153
18.6331
18.3499
18.4579
18.305
18.2447
17.8588
18.0415
18.1238
18.4146
18.2954
18.0472
18.2484
18.336
17.8659
18.5596
18.1815
18.2076
18.296
18.3977
18.3317
18.4093
18.0921
18.7028
18.1485
18.0087
18.2489
18.3136
18.3158
17.9206
18.4274
19.0038
18.1776
18.0508
18.2039
17.8746
18.2189
18.6637
18.5547
18.2343
18.2249
18.5085
18.5089
18.3529
18.3046
18.6024
18.4157
18.8555
18.5643
18.3272
18.426
18.4666
18.2414
18.4866
18.4894
18.4605
18.368
18.4326
18.7659
18.234
18.1182
18.2865
18.4098
18.2677
18.2676
18.3732
18.7041
18.3312
18.4185
18.4781
17.9026
18.2285
18.1036
18.2282
18.2055
18.2268
18.4343
18.4549
18.1012
18.3374
18.5238
18.2887
18.4804
18.2507
18.3531
18.2035
17.8617
18.0979
18.089
18.5095
18.004
18.0551
17.9634
18.2722
18.1656
18.4265
18.1524
17.9534
18.0165
17.9911
18.2552
17.9271
18.3654
17.9345
17.9924
18.1689
18.1404
18.1315
18.3929
18.1151
17.9379
18.2467
18.6282
18.3437
18.1404
17.9376
17.801
18.5109
18.1654
18.3606
17.98
17.8246
18.1838
18.234
18.5443
18.1054
17.4686
18.4259
18.1162
18.1825
18.1482
18.1995
18.3276
18.4636
18.4109
18.7329
18.3588
18.0252
18.3325
18.3955
18.2955
18.0605
18.2993
18.3035
17.966
18.4064
18.1697
18.2316
17.9918
18.4304
18.2902
17.6649
18.2548
18.3184
18.0766
18.4721
18.7634
18.2846
18.1005
18.4308
18.3878
18.1358
18.0598
18.0146
18.3844
18.2142
18.4558
18.3185
18.512
18.3509
18.0795
18.1905
18.1209
18.4788
18.363
18.4417
18.4638
17.8816
18.3106
18.2719
18.3772
17.9979
18.3179
18.3282
18.5917
18.273
18.1413
18.0472
18.6748
18.0988
18.5376
17.8588
18.4496
18.0741
18.6414
18.2896
18.2638
18.2469
18.4404
18.1926
18.3011
18.5568
18.2536
18.5433
18.876
17.8698
18.2522
18.152
18.1691
18.5335
18.5127
18.266
18.0475
18.4257
18.5022
18.6547
18.4225
18.1642
18.5874
18.3069
18.5012
18.5251
18.1222
18.241
18.5901
18.387
18.4714
18.4526
18.0003
18.208
18.424
18.9552
18.3514
18.1184
18.3824
18.1166
18.2965
18.5783
18.6289
18.6169
17.9931
17.9167
18.1936
18.5401
17.9591
17.9434
17.7901
17.9268
18.293
18.6108
18.3515
18.5656
18.3294
18.8324
18.0894
18.2587
18.194
18.3654
18.3726
18.4425
18.551
18.3934
18.3513
18.0566
18.1415
17.9733
18.3334
17.9296
18.117
18.4175
17.9243
18.2511
18.4156
18.6229
18.0625
18.0783
18.5101
18.6898
18.2931
18.4083
18.3424
18.3586
18.4534
18.2475
18.4504
18.0785
18.3429
18.2763
18.3697
18.2916
18.2423
18.1643
17.7625
18.3116
18.0199
18.324
18.697
18.2628
17.9876
18.1228
18.5152
18.6376
18.4676
18.2323
18.3877
18.3835
18.4314
18.0522
18.0618
18.1318
18.2265
18.2815
18.555
18.2329
17.9523
18.4761
18.5142
18.3725
18.057
18.4654
18.3042
18.1387
18.3192
18.2862
18.3022
18.0586
18.1168
17.9935
18.0439
18.3845
18.0044
18.0907
18.4558
18.7118
17.9287
18.3945
18.4837
18.1037
18.2545
18.1575
18.2014
18.2268
18.3285
18.1499
18.1157
18.3147
17.7909
18.3451
18.0809
17.9874
18.2727
17.9005
18.1508
18.1336
18.0686
18.1078
18.4052
18.6819
18.2502
17.982
18.0703
18.1348
18.0116
18.1174
17.9463
17.8626
17.9978
18.0139
18.535
17.9151
17.9677
18.0093
17.992
18.0213
18.1416
18.0499
18.5093
17.8114
18.2012
18.5197
18.2237
18.1629
18.579
18.2927
17.7571
18.1296
18.3054
18.1205
18.2513
18.0431
18.3927
18.4659
18.5585
18.1057
18.1696
17.8647
18.1539
18.2021
17.8239
18.096
18.2799
18.2414
17.9581
17.9682
17.9617
18.1991
18.2572
18.1946
17.9389
17.6828
18.352
18.0959
18.3053
18.3787
17.9323
18.075
18.2623
18.2286
18.1539
18.5961
18.5393
18.0464
18.3758
18.3874
18.3728
18.4745
18.3363
18.5431
18.6099
18.2201
18.2507
18.4792
18.0582
18.3902
18.089
18.3349
18.482
18.3138
18.2602
18.5017
18.4903
17.9554
18.4207
17.9986
18.4008
18.0288
17.9493
18.4234
18.176
18.101
18.3604
18.5357
18.1547
18.1473
18.1145
18.5432
18.8523
18.4025
17.866
18.1256
18.0601
18.6195
18.5607
18.4474
18.0773
17.8611
18.543
18.0633
18.1426
18.2908
18.6621
18.2974
18.5369
18.0088
18.7516
18.1397
18.3529
18.1187
18.6164
18.3691
18.5044
17.8783
18.1144
18.9975
18.429
18.2165
18.1423
18.4073
18.6608
18.1489
18.4655
18.2671
17.995
18.2624
18.2419
18.0522
18.4036
18.7421
18.1214
18.3721
18.0446
18.3378
18.3685
18.5566
18.2632
18.3383
18.174
18.4301
18.5677
18.4287
18.3552
18.2296
18.2831
17.9901
18.1813
18.1176
18.1166
18.2193
18.4206
18.3076
18.5127
18.1208
18.3954
17.9817
18.3116
18.1911
18.249
18.0264
18.5217
18.15
17.9106
18.4147
18.1801
18.163
17.9902
18.1821
17.8779
18.2534
18.1596
18.3768
18.2873
18.2537
18.2971
18.221
18.513
18.3353
18.3452
18.5777
18.4321
18.2333
18.4061
18.1811
18.1143
18.1269
18.0707
18.2712
18.1655
18.3278
18.48
18.0877
18.3993
18.285
17.938
18.0105
18.4489
18.4111
18.5117
18.2034
18.1031
18.0614
18.3894
18.4275
18.4528
18.0678
17.594
17.9674
17.8882
18.2578
18.1099
18.3469
18.311
18.5657
18.1825
18.6723
18.1555
18.3701
18.2113
17.8829
17.996
18.0068
18.3201
18.3249
17.8609
18.1959
18.5223
18.0777
18.0375
18.189
18.2542
18.598
18.1152
18.4901
18.0433
18.8616
18.468
18.107
18.3618
18.3509
18.2914
18.2336
18.2509
18.1829
17.8777
18.3095
18.5264
18.2072
18.1353
18.0919
18.4592
18.0131
18.3893
18.504
17.8922
18.1291
18.4975
18.2765
18.1558
18.0147
18.1387
18.179
18.3364
18.3109
18.6244
18.3202
18.4426
18.4025
18.1838
18.2096
18.3755
18.3181
18.0983
18.0928
17.8879
18.0076
18.3273
18.6606
18.4979
18.413
18.0571
18.1145
18.4736
18.3942
17.9902
18.7202
18.3763
18.1066
18.1227
18.4075
18.1199
18.2972
18.4323
18.3247
17.8827
18.4536
18.0327
18.067
17.8444
18.3098
18.5651
18.0736
18.5082
18.0632
17.8769
18.2616
18.3108
18.1918
17.7642
18.3881
18.2565
18.6492
18.5681
18.4114
18.587
18.8043
18.5135
18.3799
18.5053
18.3297
18.0412
18.5301
18.3455
18.2514
18.0385
18.2227
18.4863
18.0969
18.3652
18.3825
18.9082
18.1005
18.2321
18.2987
18.2688
18.0412
18.196
18.5119
18.343
17.9891
18.7558
18.67
18.0889
18.4669
18.302
18.3983
18.4486
18.2364
18.498
18.4575
17.7072
18.4188
18.1136
18.4998
18.3892
18.2511
18.3127
18.4676
18.3546
18.0506
18.1221
18.3177
18.1235
18.5752
18.4855
18.4077
18.4259
17.9036
18.2644
17.9717
18.1799
17.9677
18.5676
18.6556
18.3091
18.179
18.3712
18.1484
18.1378
18.4167
18.3279
18.084
18.1779
18.0821
18.3902
18.4168
18.0541
18.2572
18.2746
18.1052
18.4643
17.986
18.2812
18.017
18.2531
17.8459
18.4697
18.4402
18.5867
18.1391
18.5314
17.9141
18.378
17.9942
18.1227
18.7341
18.3497
18.0837
17.9138
18.4528
17.996
18.244
18.2383
17.728
18.1012
18.0242
18.3672
18.1221
17.7977
18.1949
18.474
18.09
18.0147
18.4334
17.9737
18.4546
18.0763
18.0457
18.3372
17.947
18.0707
18.5482
18.4666
18.4428
18.3481
18.0035
18.7625
18.2636
18.0735
18.0911
18.197
18.0253
18.1421
18.3626
18.1056
18.117
17.8911
18.2206
18.2772
18.2462
18.6
18.5069
18.3416
18.1066
18.4013
18.5156
18.1002
18.1985
17.9989
18.1341
18.4303
18.154
18.0586
18.493
18.1687
17.9212
17.747
18.4757
18.3446
18.0675
18.1543
18.2597
18.683
18.3388
18.5234
18.049
18.1066
17.9059
18.0721
17.9696
18.1092
18.3012
18.2089
18.2587
18.2817
18.53
18.4407
18.3979
18.35
18.1033
18.4856
18.4726
18.0462
17.9256
18.4345
18.5554
18.1545
18.3394
18.5958
18.452
18.3928
18.6775
18.0192
18.2034
18.4924
18.1343
18.3108
18.3365
18.5436
18.5827
18.3808
18.284
18.1998
18.1221
18.1312
18.374
18.1283
17.354
18.1922
18.3782
18.248
18.2349
18.4607
18.5298
18.1047
18.0686
18.2477
18.5137
18.7464
18.5288
18.3891
18.5352
17.9247
18.4045
18.763
18.4109
18.0756
18.5426
18.1427
18.0053
17.98
18.2177
18.4371
18.007
18.4242
18.7861
18.3306
17.8896
18.5264
18.5084
17.9772
18.6433
18.086
18.3346
18.1423
18.2747
18.7626
18.0679
17.9453
18.3391
18.4309
17.9935
18.4156
17.7509
18.2411
18.4741
18.0795
18.352
18.5803
17.9989
18.093
19.0403
18.1849
17.9071
18.4225
18.6787
18.3787
18.4736
18.1138
18.5792
17.9956
18.3447
18.4285
18.1468
17.6157
18.095
18.4535
18.284
18.3897
18.0876
18.252
18.3883
18.3244
18.477
18.0461
18.3977
18.0652
18.1972
18.1596
18.3703
18.5911
17.9278
18.2003
18.0746
18.4227
18.4055
18.1492
18.4087
17.805
18.1431
18.2211
18.4087
18.2903
18.3981
17.8184
18.327
18.4727
18.3356
18.4182
18.2632
18.2528
18.5725
17.8996
18.5282
18.234
18.1819
18.2835
18.3723
18.0471
18.7448
18.266
18.1554
18.1719
18.3682
18.2087
18.4836
18.4041
17.8731
18.2095
18.1019
17.9007
18.6192
17.9358
18.4036
18.2403
18.355
18.1972
18.4577
18.4592
18.1504
18.5446
18.598
18.0065
18.0101
18.2467
18.2512
18.5194
18.1065
18.0584
18.5711
18.512
18.4599
17.97
18.3338
18.1852
17.9843
18.2104
18.105
18.4239
18.1202
18.2257
18.1918
18.3992
18.0049
18.0495
18.4375
18.2456
18.0813
18.579
18.4611
18.7194
18.336
18.3259
18.0945
18.0985
18.652
18.5145
17.9633
18.5959
18.1387
18.3469
17.8884
18.4386
18.2089
18.4254
17.595
18.593
17.8188
18.5624
18.5174
18.5598
18.418
18.2631
18.1727
18.0801
17.8217
18.6558
18.2469
18.1953
17.6068
18.1859
18.4183
18.1454
18.1381
18.1935
18.6726
18.6758
18.4902
17.8274
18.2923
18.4658
18.1314
17.8063
17.8197
18.1066
18.3923
18.365
18.3104
18.0796
18.3666
18.3084
18.396
18.3843
18.2939
18.3155
18.1016
18.3103
18.1313
18.2802
18.1021
18.1793
18.0993
18.2572
18.4082
18.3649
17.7148
18.0061
18.2464
18.3156
18.5517
18.5367
18.2372
18.0811
17.9025
17.9338
18.3161
18.4599
17.9442
17.9742
18.6199
18.2535
18.5676
18.4971
18.2957
18.6098
18.2434
18.4884
18.4586
18.2745
18.2873
17.9269
18.42
17.9125
18.0908
18.337
18.2502
18.3743
18.4456
18.3191
18.2995
18.3364
18.5465
18.0087
18.2492
18.0279
18.4403
18.1318
18.2044
18.3476
18.6161
18.4499
17.9179
18.3855
18.1972
18.3197
17.9736
18.5539
18.0382
18.0831
18.3902
18.5892
18.4083
18.2036
18.1614
18.2293
18.7436
18.1854
18.4596
18.6841
18.0486
18.2452
18.3267
18.4905
18.544
18.3391
18.5261
18.7569
18.36
18.2701
18.3547
18.3959
18.3806
17.9204
18.2253
18.5901
18.3989
18.4319
18.3576
18.4745
18.3446
18.0754
18.6069
18.8276
18.5058
18.754
18.0402
18.2037
18.4601
18.5755
18.2758
18.6046
18.1956
18.1457
18.6604
18.2151
18.2447
18.4191
18.8074
18.1565
18.3837
18.55
18.5681
18.509
18.1326
18.5887
18.5198
18.2334
18.2438
18.446
18.2088
18.3831
18.2212
18.4322
18.7959
18.6782
18.6388
18.5167
18.2675
18.5579
18.6333
18.6222
18.2784
18.4109
18.6762
18.3681
18.6418
18.8682
18.5085
18.3475
18.5718
18.7374
18.441
18.4388
18.5142
18.0673
18.1193
18.7621
18.1253
18.533
18.4149
18.7869
18.1286
18.3448
18.0938
18.39
18.8296
18.393
18.5276
18.6073
18.7996
18.2799
18.4673
18.5896
18.098
18.9536
18.1071
18.4484
18.9036
18.2426
18.6464
18.7006
18.4994
18.5212
18.219
18.5363
18.3646
18.5466
18.6146
18.6046
18.6636
18.2835
18.4533
18.3611
18.5838
18.2922
18.6468
18.1147
18.5865
17.805
18.3381
18.2754
18.1263
18.4504
18.187
18.8108
18.209
17.9282
18.4677
18.4796
18.32
18.3588
18.7923
18.8272
18.3851
18.6881
18.4427
18.391
18.5566
18.4542
18.4364
18.4762
18.5003
18.6222
18.3662
18.5245
18.4183
18.7358
18.3507
18.5924
18.2631
18.6089
18.7898
18.7895
18.609
18.3988
18.6232
18.4811
18.6421
18.3617
18.9577
18.7283
18.4694
18.15
18.0761
18.3271
18.3924
18.0364
18.3929
18.0871
18.0684
18.2682
18.1188
18.42
18.1108
18.1891
18.2198
18.1137
18.2665
18.1747
17.962
18.3
18.1172
17.8274
18.1369
18.2403
18.2233
18.2761
18.0422
18.3321
18.0605
18.3366
18.4945
17.9075
17.651
18.2007
18.1362
18.5577
18.3111
18.1082
18.134
17.9982
17.8299
18.4137
18.3402
17.8306
18.3975
17.9056
17.9186
18.216
18.1883
18.2157
18.4936
17.9805
18.2643
18.1748
18.2785
18.2053
18.2089
18.108
18.3211
17.9507
17.9516
18.4968
18.2392
18.1878
17.904
17.9845
18.2201
18.258
18.0555
18.4694
18.4686
17.9209
18.3428
18.2396
18.8084
18.6125
18.1928
18.1138
18.0392
18.2595
18.548
18.5299
18.5948
18.6602
18.5987
18.6978
18.4395
18.3092
18.4355
18.6577
18.2893
18.6502
18.3745
18.5891
17.9431
18.7885
18.4267
18.3314
18.3949
18.4455
18.263
18.3093
18.3596
18.0843
18.48
18.7616
18.4816
18.6742
18.207
18.4661
18.1745
18.8029
18.4804
18.4653
18.5951
18.5469
18.1981
18.3362
18.0671
18.2363
18.4317
18.2249
18.7824
18.4548
18.2686
18.6137
18.5459
18.5598
18.3307
18.6172
18.2739
18.4574
18.9185
18.647
18.6054
18.3871
18.5057
18.7868
18.3952
18.7354
18.3347
18.432
17.9922
18.7026
18.203
18.1386
18.2972
17.9375
18.2171
18.0282
18.1154
18.175
18.1914
17.993
18.5243
18.3085
18.1801
17.9231
18.5429
18.2623
17.7748
18.1705
18.4816
17.826
18.6075
18.1502
17.9823
17.9824
18.2672
18.4743
18.3158
18.1254
17.6737
18.3228
18.1027
18.1607
18.0523
18.2395
18.2117
17.9894
18.5749
18.1833
18.0268
18.5578
17.985
18.0815
17.882
18.3223
18.1198
18.6121
18.1012
18.3172
18.2304
18.2678
18.5026
18.4363
17.8679
18.4051
18.4226
17.9052
18.2598
18.364
18.2068
18.0244
18.3022
18.199
18.1349
18.0791
18.1992
18.2992
18.4924
18.6748
18.4545
18.0722
18.3282
18.0665
18.2172
18.199
18.2974
18.4318
18.0278
18.3949
18.2227
18.0694
18.4939
18.5699
18.2104
18.2672
18.241
18.17
18.2618
18.0054
18.3987
18.3288
18.2705
18.104
18.3216
18.3745
18.4178
17.9496
18.2403
18.6625
18.5313
18.4086
18.1713
18.2819
18.393
18.2956
18.2918
18.3879
18.2759
18.6072
18.213
18.2866
18.5117
18.1693
18.6221
18.6804
18.4235
18.4678
17.9769
18.3214
18.351
18.0332
18.055
18.1918
18.2838
18.0346
18.5691
18.4736
18.2702
18.1701
18.5097
18.2291
18.2699
18.1969
18.6137
18.3294
17.6395
18.4636
18.8668
18.6361
18.5061
18.2843
18.6897
18.0718
18.6082
18.6642
18.6631
18.6768
18.2457
18.3184
18.3641
18.7126
18.2237
18.1867
18.4504
18.3731
18.1854
18.7303
18.5375
17.9325
18.3167
18.4316
18.6671
18.267
18.2903
18.2081
18.4387
18.574
18.2989
18.7719
18.619
18.5454
18.0327
19.0146
18.7547
18.0147
18.5315
18.2178
18.4444
18.2219
18.3598
18.4046
18.3122
18.6631
18.8167
18.5711
18.7466
18.731
18.2758
18.2469
17.9965
18.2267
18.7606
18.4484
18.4887
18.4147
18.0085
18.137
18.2544
18.4058
18.2115
18.7446
18.7262
18.173
18.2789
18.3847
18.468
18.0855
18.7183
18.3967
18.3018
18.5356
18.0152
17.9927
18.2047
18.3855
18.4183
19.0469
18.4243
18.483
18.821
18.5482
18.4105
18.1039
18.277
18.2846
18.4879
18.1445
18.4621
18.3327
18.2402
18.2394
18.7558
18.1749
18.412
18.4547
18.4441
17.9694
18.1259
18.4183
18.5966
17.6824
18.3639
18.2656
18.4147
18.2455
18.2655
18.6203
18.7493
18.6054
19.0324
18.5302
17.9931
18.1603
19.0389
18.3746
18.5866
18.0294
18.6745
18.3787
18.6413
18.2275
18.28
18.0844
18.2806
18.3536
18.0358
18.3533
18.6545
18.2306
18.2482
18.1133
18.3736
18.1585
18.2851
18.5734
18.4433
18.436
18.6242
17.9521
18.2641
18.5497
18.4679
18.2498
18.3917
18.7323
18.5713
18.1512
18.414
18.042
18.2267
18.0869
18.3241
18.6841
18.4905
18.12
17.9556
18.6601
18.8525
18.5463
18.3019
18.3238
17.791
18.4802
18.6231
18.4361
18.579
18.1601
18.2759
17.9076
17.6406
18.2992
18.4904
18.3328
18.3432
18.2333
18.5724
18.3254
18.6586
18.4329
18.3837
18.0897
18.397
18.2955
18.4805
18.4506
18.9966
18.2462
18.0322
18.3389
18.3976
18.426
18.1663
18.4864
18.0379
18.272
18.2434
18.3906
18.2156
18.306
18.5804
18.1358
18.433
18.019
18.5034
18.3882
18.6249
18.391
18.2973
18.2683
18.6357
18.2109
18.3421
18.2305
18.0849
17.9547
18.3922
18.2346
18.1404
18.627
18.4288
18.172
18.3816
18.6796
18.0414
18.4253
18.2405
18.3197
18.329
18.297
17.6375
18.4088
18.5925
18.2867
18.6401
18.1644
18.8312
18.5271
18.2844
18.4257
18.3056
18.459
18.2907
18.5537
18.1091
18.2983
18.119
17.9824
18.5063
18.2243
18.5012
18.0691
18.219
18.2551
18.1302
18.4751
18.6312
18.5983
18.2237
17.7632
18.5842
18.2425
18.8264
18.2196
17.9529
18.6137
18.1512
18.48
18.2851
18.5464
18.182
18.0497
18.3071
18.371
18.2359
18.0151
18.3805
18.1802
18.1448
18.3193
18.139
18.089
17.9868
18.217
18.1911
18.4339
18.1662
18.4553
18.0056
18.1766
18.109
18.5997
18.2641
17.968
18.1685
18.2054
18.5091
17.9201
18.0659
18.2974
18.7154
18.2345
18.2417
18.0487
18.533
18.1591
18.3926
18.466
18.3438
18.4803
18.1628
18.4271
18.8965
18.107
18.2951
18.1454
18.4262
18.6647
17.9701
18.6494
17.9528
17.8361
18.3621
18.2381
18.2458
18.2916
18.3308
18.5128
17.7608
18.3357
18.2538
18.6954
18.0929
18.4213
18.2511
18.6539
18.1906
18.0916
18.2883
18.2224
18.2017
18.054
18.2184
17.8825
18.0086
18.2757
18.3145
18.4242
18.2336
17.9525
18.286
18.1545
18.4706
18.6061
17.8346
18.3258
18.5173
18.3614
17.9697
18.5876
18.306
18.0505
18.8481
18.1927
18.3722
18.1185
18.2698
18.2564
18.5395
18.4512
18.4909
18.5504
18.161
18.208
18.5223
18.2437
17.7761
18.1141
18.1446
18.3525
18.4308
18.6008
17.9713
17.775
18.4325
18.1872
17.9331
18.3442
18.4265
17.9959
17.8646
18.5778
18.3328
18.4
17.8586
18.2234
18.4139
18.1762
18.5255
18.2758
18.4295
18.2518
18.1423
18.253
18.2104
18.0567
18.2221
18.0471
18.4662
18.4015
18.3321
17.9445
18.0491
18.3011
18.2216
18.3858
17.959
18.272
18.4708
18.5517
18.1653
18.3853
18.2055
18.2498
18.4827
17.857
18.3573
18.7913
18.5403
18.421
18.5428
18.4353
18.0758
18.0887
18.537
18.6856
18.4608
18.535
18.3507
18.0586
18.4559
18.2665
18.129
18.6084
18.1129
18.4124
17.7259
18.2292
18.2245
17.9772
18.2193
18.0705
18.3341
18.6353
17.9809
18.0251
18.2334
17.642
17.8508
18.3366
18.1327
18.0192
18.2738
18.5013
18.2018
18.0766
17.9076
18.2348
18.1434
18.4038
18.2818
18.2559
17.8426
17.8109
18.1474
18.4614
17.8247
18.4019
18.496
18.4481
18.3083
18.1486
18.0519
18.1697
18.1742
18.1319
18.1924
18.1732
18.8161
18.6896
18.4312
18.325
18.0509
18.037
18.0168
18.5069
18.0757
17.7321
18.1172
17.6649
18.5032
17.989
18.453
18.4196
18.1087
18.4936
18.1171
18.2727
18.3694
18.3516
18.3339
18.4872
18.309
18.0317
18.199
18.3121
17.7842
18.5031
18.3331
18.2844
17.8637
18.141
18.1703
18.109
18.2987
18.1335
18.5612
18.3462
18.3253
18.1565
18.3112
18.2961
17.8583
18.1278
18.2593
18.3084
18.2156
18.6358
18.0671
18.2364
17.9077
18.5019
18.4916
18.0168
18.4712
18.6374
18.0438
18.6758
18.6179
18.4103
18.3705
18.0968
18.2925
18.2379
18.5459
18.4289
18.2113
18.5008
18.2788
18.3572
18.4256
18.1966
18.1171
18.3021
18.0895
18.465
17.6774
18.166
18.0766
18.1992
18.214
18.0603
18.3009
18.315
17.7103
18.3611
18.3631
18.3301
17.9737
17.8849
18.2515
18.2596
17.8379
18.1892
18.0845
18.3238
18.2197
18.1844
18.1061
18.3063
18.0384
18.7295
18.6401
17.8633
18.5754
18.9381
18.4054
18.2646
18.4593
18.4883
18.1732
18.2826
18.2635
18.1027
18.086
17.9712
18.1752
18.423
18.3277
17.8879
18.0686
18.401
18.6108
18.2994
18.2213
18.0291
18.1921
18.2655
18.3626
18.8864
18.2658
18.0373
18.261
18.252
17.8196
18.2204
18.4368
18.4392
18.1432
18.2638
18.202
18.2234
18.2764
18.4138
18.3641
18.1038
18.1617
18.3096
18.4414
18.2671
17.8979
18.3186
18.0069
18.5987
18.229
18.0644
18.2353
18.2619
18.4999
18.398
17.8988
18.1813
18.4637
17.8773
18.1395
17.9448
18.0482
18.1947
18.11
18.356
18.1244
18.1811
18.2418
18.0225
18.4623
18.4177
18.3253
18.3068
18.119
18.3754
17.9725
18.0947
18.5634
18.0196
17.8564
18.3516
18.3373
18.2989
18.0639
18.2044
18.4289
18.1816
18.5889
18.4116
18.0141
18.0483
18.3621
18.2925
18.4606
18.3243
18.625
18.0672
18.5859
18.427
18.5792
17.8541
18.1088
18.4046
18.5122
18.4396
18.3523
18.0455
18.5635
18.4982
18.5578
18.6422
18.2464
18.5959
18.4411
18.1855
18.0824
18.4825
18.3147
18.5511
18.0243
18.6253
18.522
18.5725
18.3982
18.7027
18.3147
18.4415
18.4134
18.4064
18.4058
18.7106
18.6451
18.3835
18.2282
18.5547
18.2
18.8703
18.3988
18.4706
17.9481
18.1502
18.1471
18.2164
17.7662
18.1768
17.8556
18.4434
17.782
18.0911
18.1665
17.9854
18.0164
18.2665
18.3328
18.1754
18.0824
17.7747
17.9759
18.1632
18.228
18.3569
17.9612
17.6893
18.0221
18.5678
17.782
17.9461
17.8842
18.1746
18.0907
17.977
18.4942
18.1493
18.3857
18.1329
18.2441
17.723
18.2725
17.9803
18.1372
18.2662
18.1049
18.1136
18.0795
18.1214
18.685
18.3174
18.033
18.2063
18.2004
18.2903
18.1878
18.3566
18.5819
17.8422
18.3573
18.5355
17.7893
18.4391
18.3046
18.7975
18.2061
18.3041
18.2909
18.1933
17.8963
18.099
17.8895
18.2776
18.1053
18.1597
18.3968
18.3976
18.3943
18.2367
18.2401
18.15
18.1571
18.3395
18.3186
18.207
18.4205
18.2296
18.1817
17.8767
18.1534
18.7327
18.4947
18.5476
18.3279
18.2893
18.4061
18.5788
17.9536
17.8704
18.4281
18.4119
18.4318
18.2329
18.4149
18.4857
18.0772
18.1167
18.0906
18.6098
18.0577
18.434
18.8241
18.2896
19.0102
17.9591
17.9648
18.4598
18.5632
18.6677
18.4149
18.4108
17.8995
18.4699
18.4371
18.6179
17.7808
18.2548
18.4108
18.3246
18.3546
18.093
18.1989
18.1154
18.1325
18.3642
18.5179
18.5322
18.2941
18.0626
18.4514
18.3844
18.3538
18.6732
17.9908
18.8082
18.3481
18.5794
18.173
18.133
18.4039
18.6952
18.407
18.3937
18.7163
18.17
18.6469
18.5428
18.5297
17.9239
18.3012
18.4628
18.6341
18.2904
18.5374
18.5717
18.0822
18.1214
18.545
18.0449
18.4045
18.1906
18.5838
18.5929
18.549
18.3312
18.2582
18.3633
18.6059
17.9247
17.9262
18.3487
18.5044
18.575
18.5973
18.1546
17.9235
18.3857
18.528
18.948
18.4339
18.6655
18.7162
18.1945
18.4594
18.4889
18.2378
18.2011
18.8377
18.1563
18.5384
18.4632
18.4604
18.2872
18.8471
18.815
18.1763
18.5174
18.5464
18.8434
18.6603
18.1366
18.4895
18.2849
18.4896
18.2493
18.3539
18.6741
18.3367
17.8929
18.0419
18.5777
18.0404
18.5225
18.2167
18.0474
18.2162
18.6568
18.5136
17.6192
17.8687
17.9886
18.0896
18.4791
18.3115
18.2644
18.1474
18.0294
18.0803
18.4731
18.4565
18.0556
18.1694
18.1278
18.4084
18.0956
18.11
18.0984
18.2446
18.4255
18.3097
18.3549
18.2287
18.1277
18.054
17.8456
18.2111
18.3136
17.8534
18.202
18.4125
18.1202
17.9165
18.2036
18.0857
18.2679
18.2835
18.2217
18.4036
18.0725
17.9927
18.445
17.7151
18.4111
18.0939
18.2542
18.1814
18.3147
18.3746
18.1155
17.8847
18.0544
18.7122
18.2272
18.5014
18.4014
18.1475
18.2976
18.0973
18.5346
18.3902
18.1925
18.6316
18.4723
18.0117
18.2892
18.6227
18.1861
18.5101
18.5123
18.2902
18.7516
18.1338
18.2537
18.7229
18.232
18.3805
18.5025
18.0994
18.0184
18.3414
18.3482
18.0395
18.1625
18.3156
18.5955
18.3935
18.5989
17.9342
17.995
18.2678
17.9846
18.3363
17.8867
18.118
18.5246
18.4782
18.0337
17.7721
18.0857
17.8718
17.9998
18.8089
18.3754
18.2759
18.2858
18.0903
18.202
18.3099
18.4093
18.3161
18.6993
18.3085
18.5305
18.3076
18.4587
18.386
17.834
18.523
18.2772
18.3374
18.625
18.5351
18.3629
18.0419
17.7724
18.2904
17.9588
18.0674
18.51
18.3815
18.0677
18.2115
18.2806
18.4614
18.1661
18.369
18.5134
17.921
18.0321
18.7897
18.2719
18.2959
18.163
18.2827
18.1303
18.1308
18.0036
18.4332
18.8589
18.0587
18.6379
18.4731
18.6378
18.5124
18.417
18.0454
18.273
18.4424
18.2705
18.4248
18.3011
18.1094
18.4499
18.41
18.5108
18.6922
18.6969
18.3138
18.2345
18.425
17.9796
18.0587
18.3115
18.3605
18.0405
18.4248
18.5805
18.1901
18.2183
18.4034
18.0604
18.6036
18.2985
18.742
18.477
18.7631
18.168
18.0982
17.8095
18.0403
17.93
18.0837
17.677
18.087
17.6876
18.2309
17.6691
18.3181
18.2612
18.0961
17.8744
17.92
18.4006
18.3629
17.5407
18.1284
18.2874
18.2143
17.8586
18.1199
18.0632
18.2839
18.0836
18.5568
18.4181
18.1496
17.9927
18.1397
18.1976
17.9521
18.347
17.7151
18.0795
18.8458
18.2601
17.7898
18.0616
17.9603
18.1922
18.3358
18.52
18.1761
18.1848
18.156
18.6275
18.418
18.1299
18.2585
18.6185
18.0373
18.1889
18.607
18.3521
18.4163
18.3933
18.1994
18.1964
18.3406
18.4289
18.7513
17.9412
18.0665
18.3056
18.1408
18.489
18.3261
18.1887
18.519
18.5179
18.9544
18.7084
18.3726
18.041
18.0298
18.63
18.4485
18.2567
18.1696
18.5919
18.8444
18.5092
18.0449
18.3327
18.4097
18.4996
18.1014
18.3483
18.3608
18.3703
18.3279
18.1128
18.283
18.2242
18.0137
18.2308
17.7882
17.8601
18.3879
17.8373
18.058
18.0531
18.1798
18.1422
18.4166
18.4535
18.093
18.6831
18.4047
17.8335
18.3265
17.843
18.0995
18.2809
18.6635
18.5248
18.1551
18.3136
18.7279
18.2826
18.5154
17.9958
18.2615
18.2288
18.1437
18.7696
18.4244
18.2195
18.0313
18.4159
18.5604
18.0999
18.3452
18.4229
18.0931
18.1913
18.2332
18.3728
17.9353
18.0796
18.5411
18.2924
18.3574
18.3479
18.2064
17.7201
18.4521
18.1257
18.2791
18.1882
17.9361
18.4746
18.2677
18.5439
18.2407
18.2793
18.5754
18.5495
18.4158
18.525
18.8071
18.5267
18.2501
18.3861
18.0576
18.6612
18.082
18.2306
18.4479
18.2652
18.2653
18.2478
18.2568
18.1587
18.3408
18.0462
18.6071
18.3765
18.1561
18.1074
18.2344
18.0389
18.2284
18.0634
17.9756
18.3339
18.4142
18.3362
18.1549
18.1653
17.811
18.3166
18.115
17.9794
18.0636
18.1249
18.1624
18.5103
18.2562
18.5342
18.055
18.0837
18.2964
18.3741
18.261
18.107
18.2225
18.3004
18.3103
18.3066
18.3499
18.251
18.2683
18.0892
17.9801
17.9687
17.9895
18.1898
18.4223
18.141
18.4984
18.1376
18.2666
18.0269
18.0759
17.9203
18.5811
18.2606
18.6655
18.1335
18.0263
18.2183
17.9923
18.2635
18.4096
18.02
18.1559
18.5398
18.2836
18.3213
18.5718
18.2723
18.4271
18.3119
18.2599
18.2196
18.5777
17.9471
18.3829
17.7793
18.0563
17.8144
18.3725
18.6003
18.4586
18.1116
18.2673
18.507
18.0409
18.5411
18.1686
18.1844
18.0602
18.2935
18.1435
18.4104
17.9793
18.4577
18.6454
18.4042
18.0418
17.8396
18.2675
18.5988
18.1461
18.5367
18.3879
18.5453
18.5171
18.4313
18.3163
18.3883
18.6569
18.5596
18.583
18.8287
18.6597
18.6858
18.1712
18.0829
18.5145
18.9065
18.6412
18.138
18.5901
18.4573
18.2164
18.1456
18.3403
18.3226
18.7152
18.2775
18.5256
18.5402
17.9022
18.1374
17.6261
18.3042
18.4598
18.1062
18.0882
18.2552
18.4606
18.2232
18.4005
18.3143
17.9448
18.2293
18.2292
18.5068
18.0648
18.0163
18.3666
18.251
18.1365
18.5985
18.2788
18.3021
18.3224
18.1239
18.2674
18.2716
18.1162
18.0683
18.0701
18.5475
17.8061
17.5646
18.1851
17.7681
18.0321
17.9292
18.0709
18.4567
18.1488
17.73
18.164
18.0833
18.2832
18.3103
18.0396
18.287
18.1514
18.0233
18.5521
18.3027
18.2078
18.4654
18.299
17.851
18.4272
18.0709
18.2493
18.1165
18.0795
18.2057
18.6682
18.4053
18.1763
18.4812
17.9521
18.1054
17.583
17.985
18.1479
17.9355
18.2412
18.0304
17.9256
18.097
18.0565
18.3165
18.5071
17.6296
18.3122
18.0805
18.0458
17.6864
17.7393
17.7093
17.6774
18.3285
18.0765
17.8588
18.1584
18.1633
18.0315
18.0457
18.1774
18.0655
18.0842
17.9451
17.9653
18.331
18.258
18.3907
17.9667
18.3248
18.3751
18.3107
18.1173
17.8355
18.482
18.0944
17.7088
17.5626
18.3984
18.1944
18.2474
17.8731
18.2224
18.3154
18.3631
18.4514
18.344
18.3636
18.0899
18.3101
18.9835
18.4253
18.1059
18.2478
18.3153
18.2507
18.4552
18.5212
18.4837
18.6246
18.585
18.557
18.6847
18.8253
18.8106
18.2187
18.8646
18.0376
17.994
18.4742
18.7331
18.4046
18.6958
17.9397
18.4483
18.4113
18.5657
18.5097
18.5069
18.6222
18.2056
18.0566
18.5122
18.2102
18.0318
18.4354
18.8257
18.6187
17.9934
18.4061
18.5602
18.4492
18.5217
18.6178
18.5731
18.5909
18.0604
18.1124
18.6409
18.2139
18.6737
18.7642
18.5544
18.3636
18.1067
18.5082
18.4934
18.4019
18.6923
18.3148
18.5187
18.2992
18.0992
18.5122
18.6165
18.3543
18.2207
18.3268
17.9622
17.9237
18.5518
18.6401
18.703
18.2007
17.9749
18.781
17.8441
18.2095
18.4476
18.3865
18.3358
18.4071
18.21
18.1639
18.4463
18.4589
18.6549
18.1953
18.5296
17.9732
18.2969
18.1096
18.6919
18.3697
18.3727
18.1875
18.4053
18.3274
17.992
18.8767
18.6762
18.0055
18.1952
18.3449
18.2228
18.4061
18.321
18.0741
18.5822
18.4751
18.1786
18.5025
18.4298
18.3533
18.2147
18.2019
18.1525
18.5322
18.1559
18.4997
18.4563
18.1871
18.3281
18.2639
18.1505
18.3098
18.7742
18.2838
18.3345
18.3202
18.1669
18.3028
18.4284
18.2669
18.6117
18.2978
18.4138
18.0651
18.6194
18.1915
18.1491
18.1602
18.1827
18.3898
18.4607
18.2922
18.046
18.858
18.2283
18.3219
18.3897
17.8612
18.2935
18.6194
18.6239
18.5014
17.9651
18.0823
18.2599
18.1784
18.3572
18.3326
17.9757
18.2065
18.134
17.8252
17.9776
18.1945
17.9226
18.3522
18.3782
18.2623
17.8968
18.4154
17.9993
18.199
18.3562
18.2786
18.268
18.4384
18.3825
17.7001
18.1611
18.3059
18.3167
17.7329
18.0908
18.2843
18.0961
17.9996
17.9605
18.6809
18.5124
17.8702
18.3709
18.254
18.5203
17.9669
18.309
18.6648
17.9685
18.6027
18.5759
17.8142
18.5125
18.1062
18.5892
18.183
17.9852
18.1225
18.4712
18.1226
18.3007
18.1665
18.1426
18.2802
18.3266
18.1912
18.2214
18.1175
18.54
18.1553
18.4103
18.5877
18.2911
18.0921
18.1206
17.7295
18.0742
18.5147
18.6353
18.1925
18.8267
18.3544
18.6907
18.719
18.4273
18.4952
18.2095
18.5955
18.6073
18.8375
18.3518
18.5634
18.5575
18.5751
18.5746
18.7595
18.7477
18.3695
18.4725
18.5347
18.9928
18.5542
18.4752
18.5935
18.6248
18.3716
18.323
18.5215
18.5747
18.2468
18.28
18.4939
18.7421
18.3554
18.5061
18.3559
18.4335
18.5956
18.8866
18.2736
18.401
18.0994
18.482
18.4572
18.4743
18.632
18.5464
18.5342
18.395
18.8008
18.4684
17.89
18.568
18.416
18.3887
18.64
18.3872
18.3968
18.2594
18.1429
18.2335
18.0511
18.6264
17.8708
18.0414
17.8162
18.3178
17.9623
18.1884
18.0422
17.9947
18.2547
18.0283
18.4032
18.1583
17.8494
18.1833
18.2134
17.7652
17.529
18.1071
18.3813
18.0826
18.3539
18.491
18.462
17.8625
18.5191
18.2382
18.1692
18.1236
18.5378
18.5027
18.5916
18.2344
18.5492
18.4694
18.484
18.401
18.5941
18.3706
18.2576
18.1858
17.9661
18.5889
18.1524
18.2441
18.556
18.1441
18.7807
18.2806
18.2831
18.4883
18.0293
18.3887
17.9898
18.3331
18.1936
18.5374
18.4406
18.4116
18.5681
18.7453
18.4575
18.4866
18.5684
18.6355
17.9874
18.2045
18.6357
18.339
18.2153
18.1911
18.5047
18.5232
18.7012
17.8487
18.5184
18.5756
18.1378
17.9263
17.9303
17.9665
18.2216
18.5344
17.8973
18.3532
18.1171
18.3304
18.584
17.8064
17.8926
17.9533
18.3559
18.4129
18.0459
18.1713
17.8099
18.0126
18.3166
18.1367
17.9438
18.3792
18.1018
18.2234
17.9186
18.2032
18.5125
18.2189
18.1164
19.0446
18.3435
18.3334
18.1398
18.4612
18.1951
18.5267
18.0778
17.9496
18.2519
18.3763
18.2354
18.2744
18.2085
18.653
18.157
18.4451
18.567
18.4709
18.0841
17.8268
18.5744
18.5031
18.8196
18.1197
18.7008
18.1153
18.5283
18.336
18.2547
18.3866
18.0997
18.8979
18.2389
18.7628
18.3965
18.0875
18.3243
18.1104
18.585
18.6065
18.0488
18.4443
18.1666
18.5571
18.3358
18.1757
18.271
18.0965
18.1079
18.0028
18.5365
18.1429
18.4655
18.2751
18.1212
17.8875
18.3368
18.5662
18.4116
18.0388
18.2768
17.9169
17.9632
18.7145
17.9491
18.3466
18.4098
18.312
18.278
18.5057
18.129
18.1382
18.0456
18.4589
18.5981
18.619
18.2149
18.494
18.4255
18.497
18.1293
18.4549
18.8682
17.9991
18.1238
18.3983
18.1734
19.0411
18.5121
18.3752
18.8478
18.3976
18.2231
18.1305
18.5338
18.4762
18.1764
18.4944
18.5638
18.3877
18.3442
18.8021
18.3324
18.2476
18.5126
18.4533
17.9654
18.2446
18.3761
18.3598
18.0182
18.4291
18.3038
18.4808
18.3057
18.0403
17.8981
18.283
18.2026
18.3023
18.9481
18.2863
18.0054
18.155
18.4277
18.537
18.2554
18.3356
18.1943
18.1216
18.5289
18.6562
18.3892
18.457
18.4283
18.3312
18.6578
18.1522
18.5554
18.6996
18.1703
18.1435
18.389
18.6075
18.6075
18.7632
18.0959
18.3414
18.6383
18.2883
18.3738
18.0387
18.455
18.3195
18.4306
18.604
18.7299
18.1706
18.4352
17.7306
18.6572
18.524
18.0455
18.7708
18.4796
18.2319
18.1384
18.2605
18.1745
18.4551
18.295
18.562
18.7538
18.0514
18.2331
18.2164
18.2691
18.2405
18.2876
18.0197
18.0124
18.2482
18.403
18.3988
18.3725
18.7411
18.778
18.3922
18.3359
18.6371
18.5499
18.313
18.0614
18.9034
18.3447
18.1943
18.2831
18.3982
18.7596
17.9396
18.7513
18.611
18.1931
17.8963
18.0512
18.2943
18.4025
18.2222
18.6118
18.6549
18.3124
18.4523
18.1226
18.3386
18.4749
18.1076
18.2643
18.431
18.1776
18.3991
17.9897
18.1806
17.8114
18.193
17.9013
18.557
18.2094
18.1611
18.1795
18.5002
18.3606
18.1134
18.366
17.9298
18.4062
18.2224
18.3898
18.4362
18.046
18.5318
18.2304
17.9311
18.1566
18.2554
18.4358
17.995
18.7031
18.4747
18.2307
19.0272
18.287
18.4998
18.2583
18.2069
18.478
18.7738
18.6494
17.9639
18.1981
18.5812
18.2978
18.6815
18.3006
18.6599
18.6511
18.0485
18.1545
17.7934
18.059
18.1527
18.3228
18.0469
17.9387
18.4078
18.114
18.2977
18.6628
18.5596
18.3532
18.6073
17.8647
18.422
18.256
17.9613
18.5331
18.5318
18.1697
18.3197
18.2492
18.571
18.2286
18.4918
18.2564
18.3698
