2.99393
2.51669
2.45787
2.68973
2.61933
2.97739
2.45971
2.86068
2.80676
2.7409
2.67241
2.73414
2.90206
2.89804
2.54387
2.97839
3.18185
3.01586
2.90157
2.34449
2.45893
3.08734
2.82337
3.02859
2.64966
2.71168
2.90792
2.80872
2.54041
3.27895
2.83571
2.69443
2.86744
2.40737
2.99786
2.86304
2.93718
2.57092
2.60991
3.22886
2.56673
3.02028
2.80776
2.80783
2.49799
2.41402
2.6687
3.00693
2.90996
2.61511
2.85582
2.46387
2.76971
3.00717
2.31284
2.49585
3.13889
2.95842
3.0075
2.88844
3.09559
3.077
2.31076
2.65482
2.88181
2.84143
3.08746
2.55791
2.60093
2.83416
2.89966
2.85042
2.83949
2.64048
2.92385
3.25977
2.92771
2.68727
2.91239
2.91209
2.94774
3.02221
2.59187
3.15663
2.72423
3.2266
2.62608
3.06883
3.18392
2.9629
2.88983
2.82812
2.50735
2.69444
2.96801
2.62353
2.73596
3.20658
2.86376
2.74709
2.78972
3.06075
3.10485
2.7225
2.77809
3.08613
2.89566
2.7899
2.77144
2.72516
3.06599
2.64382
2.37137
2.72343
3.26912
2.81029
2.64806
3.01722
2.89841
2.78062
2.87713
2.89822
2.52414
2.77557
2.54101
3.27021
2.87647
3.15402
3.01287
2.69793
3.26313
3.01147
2.93472
3.13338
2.88965
2.86343
2.81216
3.02317
3.21706
2.47644
2.69599
2.71526
2.79681
2.97741
2.72041
2.90558
2.76944
2.73641
2.67939
2.95716
2.38004
2.7296
2.85431
2.73358
3.09782
3.30504
3.09086
2.63201
2.81738
3.0127
2.88051
2.57418
2.51876
2.97353
3.16422
2.80246
3.18502
3.08814
3.0031
2.37824
2.98689
2.86394
3.33214
3.06611
3.42585
3.28382
2.78899
2.98019
3.02512
2.86401
2.82139
2.86925
2.75549
3.14536
2.86947
2.88754
3.0702
3.50995
2.96864
2.65357
2.92194
2.88661
2.533
3.41584
3.16422
2.96561
3.01699
2.75987
2.88176
2.30197
3.00278
2.82984
2.80724
2.56188
2.33883
2.87566
2.70283
2.7026
3.02508
3.071
2.41721
3.25691
2.68272
2.51943
3.07968
2.79867
2.74911
2.35184
2.92753
2.81342
2.80266
2.77557
2.84866
2.63021
2.69632
2.6899
2.83373
2.68986
2.59311
2.83062
3.04225
2.86956
2.82617
2.5328
2.57124
2.89959
2.91629
2.73091
2.80522
2.64301
2.63915
2.90139
2.66211
2.6654
2.5234
2.91333
2.77082
2.59733
2.67108
2.69332
3.11769
2.79012
3.00813
3.01119
2.81683
2.98858
3.05876
2.93376
2.93658
2.89277
2.81937
2.85062
2.83338
2.69723
3.19506
2.90587
2.98079
3.00682
2.64927
3.01912
3.23879
3.19538
2.77615
2.52595
3.09638
2.81005
3.05848
2.90354
3.00803
2.80494
2.56263
2.65292
2.89856
3.2243
2.77902
2.72397
2.59385
2.84571
2.75275
2.63933
2.84242
2.9278
2.78908
2.53144
2.90789
2.78777
2.76491
2.57132
2.80034
2.77263
2.68664
2.59434
2.82714
2.57817
2.79351
2.70276
2.25551
2.89318
3.04024
2.47834
2.53468
2.58358
3.17135
2.28535
2.78314
2.65604
2.89117
2.69508
2.5858
2.5891
2.84083
2.51938
3.06503
3.21865
2.69524
2.51502
2.66166
2.7748
2.82905
2.68171
3.41452
2.73234
2.87293
2.67652
2.73137
2.76498
2.74715
2.50392
3.21204
2.53916
2.41006
2.81833
2.44137
3.0227
2.55527
2.62631
2.7728
2.97757
2.82411
2.54929
2.57743
2.5386
2.80957
2.3563
2.46216
2.92182
2.89779
3.00246
2.87826
3.21576
2.9367
2.94255
2.78386
3.02766
2.48305
2.92739
3.10464
3.02648
2.78893
2.93005
2.86566
2.89181
2.94226
2.83802
3.41014
2.63122
2.97223
2.48268
2.50684
2.90962
3.04786
2.55199
2.97431
2.76139
2.62529
3.03139
2.95715
2.98266
3.33409
3.26134
2.47398
2.69684
2.64688
2.99871
2.80268
3.00156
2.82779
2.75549
3.13905
2.96383
2.94283
2.78667
2.94244
3.03017
2.77777
2.77029
2.94589
3.20099
2.68265
2.70461
2.80814
3.12394
2.48935
2.70199
2.93763
2.83072
2.78687
3.04057
2.92969
3.26207
3.19049
2.85093
2.6926
3.20387
2.9148
2.8713
2.52385
2.86645
2.8432
2.74146
2.65232
2.74418
2.58092
2.8039
2.86526
3.22602
2.73113
2.93028
2.62354
2.48506
2.84964
2.80541
3.11836
2.72711
3.06052
2.78656
3.23445
2.87203
2.98799
2.80212
2.99458
3.06433
2.95769
2.28363
3.0666
3.29271
3.08952
2.86773
2.62308
3.01266
3.1796
3.33121
2.86099
3.11316
2.94831
2.68667
2.84198
2.96861
2.59834
3.15006
2.82383
2.99187
2.72057
3.04632
3.01052
3.22001
3.05712
2.83135
2.60869
2.80784
2.84199
2.83861
3.12068
3.25168
2.83739
2.67266
2.78153
3.02173
3.06026
2.74211
3.03005
3.07619
2.62443
3.26013
3.27727
2.91693
3.02081
3.14962
2.67656
3.10619
2.92359
3.14527
2.8098
2.66805
2.98254
3.39958
2.89605
2.5989
3.27143
2.84515
3.01455
2.65981
2.51086
3.10124
2.93728
2.66555
3.05404
3.17232
2.87954
3.04718
2.727
3.11754
3.00602
2.99108
2.62779
2.792
3.07316
3.06676
2.97925
2.97377
2.80158
2.86257
2.7484
2.96366
2.70398
2.93422
2.99418
2.9605
3.04796
3.01455
3.12819
3.26973
2.97937
2.89716
2.9167
2.95257
2.89842
2.66336
2.94258
2.92763
2.80554
3.04915
2.97248
2.63223
2.97577
3.35872
2.88114
3.03287
2.85536
3.2143
2.87653
3.07094
2.61459
3.10948
2.98187
2.82795
2.58293
3.1445
3.04257
2.71999
3.06095
2.77625
2.91982
2.75746
2.91162
2.9723
2.91754
3.11439
2.90181
2.95085
2.72984
3.39399
2.72942
2.36873
2.56246
2.80244
2.83456
2.71697
2.57345
3.15416
2.74861
3.16744
2.87101
2.97697
3.04009
3.0312
2.82113
3.05834
3.1111
2.92653
3.037
3.05359
3.25339
2.46438
3.03616
2.82197
2.71389
3.01678
2.88322
2.93561
3.01191
3.0482
3.33752
3.06378
2.77767
2.71571
2.86901
2.6277
2.99727
2.58788
2.99237
2.71113
3.0048
3.10495
3.04088
2.87886
2.74164
2.88453
3.02916
3.0255
2.82906
2.73706
2.66854
3.15039
2.6483
2.85801
2.61694
2.91448
2.91799
2.89347
2.77345
2.87147
2.91495
3.0427
2.92473
2.57965
2.59561
3.03561
2.95862
3.43381
2.71739
2.74677
2.79541
3.08616
2.79389
2.68224
2.98902
3.06287
2.89112
2.96788
3.11382
2.84044
2.96353
3.38306
2.79782
3.13912
3.10158
2.85341
2.85774
3.0668
3.02547
3.08868
2.6779
2.88906
2.81091
2.43684
2.633
2.78568
2.91669
2.45558
2.51742
3.12232
2.6962
2.56241
2.86719
2.57341
2.78737
2.6725
2.66529
2.39871
2.51221
2.19122
2.62295
2.89283
2.77482
2.74637
2.48957
2.75849
2.62767
2.88257
2.85385
2.53239
2.49816
2.85408
3.08388
2.43787
2.56496
1.93648
2.323
2.53222
2.62954
2.46282
2.72451
2.66319
2.77305
2.52136
2.43571
2.56943
2.37185
2.50164
2.28929
2.82028
2.4797
2.74017
2.846
2.58756
2.79664
2.43128
2.72518
2.5918
2.93371
2.80925
2.63524
2.68823
2.83984
2.85261
2.65314
2.77251
2.54125
2.61896
3.14637
2.91835
2.85225
2.78916
2.64687
2.75249
3.16701
2.36661
2.81708
2.25199
2.90709
2.53851
2.42154
2.49732
2.80284
2.6784
2.78143
2.40817
1.98758
2.59121
3.03426
2.52214
2.99279
2.7875
3.08571
2.69829
2.60597
2.41189
2.76271
2.99933
2.95834
2.55429
2.62755
2.64488
2.93641
3.02745
2.95116
2.84401
2.86715
2.69286
2.53416
2.80312
2.95861
2.52899
2.76299
2.94094
2.81916
2.74738
2.779
2.79175
2.92327
2.72351
2.72711
2.71118
2.87523
3.19522
2.74916
2.63651
2.87742
2.81232
2.80874
2.73419
2.72957
2.8207
3.13597
2.8653
2.52276
3.2457
2.99599
2.47615
2.64747
2.76465
2.83648
2.76469
2.90217
3.34834
3.24165
2.9003
2.87979
2.95343
2.8359
3.07566
2.48947
2.92276
2.75724
2.85575
2.71582
3.19847
2.87674
2.40883
2.74917
3.13063
3.3875
2.71581
2.85904
2.91382
2.75309
3.0717
2.49959
2.74341
2.65463
3.19414
3.1073
2.73272
2.96348
2.89746
3.14869
2.87449
2.88613
3.02554
3.01296
2.90015
2.51867
2.5335
2.91076
2.65573
2.93319
2.59154
3.27819
2.63647
2.87019
2.55109
3.24833
2.73512
2.78877
3.20315
3.15473
2.98524
2.69401
2.97619
2.64709
2.82118
2.75471
2.82458
3.07304
2.94248
2.95031
2.9504
3.50246
2.73181
3.38658
3.09539
2.77776
3.11806
2.91699
2.91996
2.92821
3.13645
3.18719
3.02245
3.30445
2.88038
3.15886
2.47228
3.03656
3.14134
2.75533
2.58288
2.96741
2.74653
2.81293
3.26098
2.60514
2.89516
3.13293
2.89027
3.2148
3.06398
2.83122
2.79154
2.78894
2.90326
3.20565
2.84043
3.15263
3.70339
3.0156
2.99146
3.10037
2.77546
3.28255
2.94748
3.10393
3.06752
3.08563
2.68698
3.03794
3.21349
2.93453
3.33124
2.92151
3.08133
2.55071
2.82048
3.32074
3.33311
2.84571
3.04876
2.84553
2.7701
3.20524
3.06477
3.23101
3.1709
2.84336
2.80155
2.62681
2.30824
2.64338
3.06392
2.71621
2.88041
2.34918
2.89153
2.93254
2.54867
2.48252
2.74193
3.3011
2.57635
2.70664
2.6648
2.797
2.75721
2.94737
2.78144
2.70925
2.89705
2.45452
2.75798
2.8911
2.81299
2.86435
2.63355
2.85503
2.91737
2.73271
2.84693
2.85331
2.90104
2.49778
2.83758
2.7615
3.06313
2.85768
2.99589
2.93403
2.60384
2.82303
2.95006
3.15476
2.5629
2.90767
2.88258
2.58232
2.77679
2.90654
2.5073
2.94838
2.67932
2.52836
2.78624
3.03908
3.00885
2.90492
2.61208
2.84785
2.67953
2.60664
2.73599
2.60051
3.37494
2.81883
2.6248
2.86012
2.51548
3.10569
2.87434
2.75844
2.69201
3.10484
2.44594
2.48649
2.64628
2.95622
2.71023
3.00505
2.8243
2.94137
3.02164
2.63892
2.74665
2.93898
2.62129
2.49294
2.89463
3.15293
2.49948
2.66835
2.87927
2.73575
3.00004
2.88262
2.61062
3.09185
2.54694
2.75905
2.90669
2.82687
2.7565
2.92522
2.96416
2.95695
2.65397
2.91078
3.11853
2.54394
2.93622
2.88669
2.87135
2.62131
2.81705
3.16935
2.52711
2.88287
2.57571
2.63337
2.65616
2.83095
2.36268
2.85733
2.30855
2.68689
2.7542
2.4135
2.92755
2.56989
2.55907
3.32348
2.97392
2.67462
2.69137
2.21691
2.90631
2.32399
2.91312
2.61002
2.65917
2.8188
3.02576
2.77941
2.64351
2.88268
2.99965
2.6664
2.69192
2.89205
2.81676
2.9877
3.44557
2.82148
2.95807
2.53891
2.96283
2.99195
2.825
2.8803
2.55841
3.1208
2.63552
2.71577
3.06351
3.1468
3.1127
2.66558
2.82944
2.74126
2.7663
2.62318
2.71249
2.87174
3.03986
2.87212
2.60036
2.40118
2.73975
3.16389
2.95117
2.95662
2.84834
2.90607
2.80617
2.62059
2.93362
2.83256
2.78059
2.61036
2.93065
3.06017
2.96359
2.78418
2.58917
3.1259
2.42941
3.15103
2.92935
3.09137
3.03901
3.00514
2.88142
2.90798
2.5728
2.32266
2.61915
3.01621
2.96081
2.93677
2.73465
2.90943
2.90488
2.67603
3.03237
2.72989
2.74202
2.41875
3.11919
2.85972
3.05614
2.86057
2.89242
2.92561
2.83936
3.07998
2.77798
2.65407
2.72096
2.8779
2.66035
3.04248
3.11785
2.92495
2.42362
2.7307
2.83241
3.12012
2.83397
3.06267
2.58005
2.95715
2.96587
3.14516
2.89009
2.74723
2.7688
2.71677
3.25113
2.94366
2.84325
2.70358
3.32563
3.05541
2.70855
2.53508
2.65483
2.97137
2.66886
2.75023
2.77907
2.62472
3.04728
3.32204
2.81091
2.95496
2.6966
3.00047
2.94783
2.98399
2.90697
2.90281
2.98004
2.84134
3.09944
2.79526
3.08297
3.08724
3.1682
2.83933
2.57288
2.79039
2.38618
2.81805
3.13327
3.18518
3.0291
3.18138
3.28857
3.09147
3.04945
2.74554
2.88575
2.75943
2.45833
2.98306
3.08078
3.20522
3.04623
3.1416
3.19563
2.85641
2.74977
2.773
3.17723
2.788
3.00459
2.81121
2.77105
2.91034
3.26612
3.15281
2.96732
2.76627
2.73441
3.00149
3.13077
2.91567
3.02449
2.72019
2.9406
2.84047
2.9784
2.61877
2.90195
3.22163
2.89562
2.72699
3.24667
2.76266
3.17739
2.95859
3.2075
2.72888
2.97841
2.59757
2.92832
2.83258
2.81629
2.52763
3.00986
2.68039
2.90172
3.12886
2.93746
3.07709
2.73166
3.24511
2.661
2.62194
3.20042
2.95043
3.0982
2.80707
2.79757
3.01104
2.91744
3.12174
2.53906
2.8443
2.71453
3.08774
2.76587
3.20878
2.69283
2.72013
3.20697
2.88354
2.65509
2.98199
2.67917
3.03013
2.83333
3.26636
2.81326
2.51247
2.82079
2.79162
3.02109
3.02317
2.68118
2.40363
2.88802
2.97247
2.71745
2.97409
2.42425
2.39504
2.75646
3.08462
2.60909
2.87077
2.66671
2.77726
2.67915
2.92352
2.84445
2.85433
2.90671
2.88758
3.09477
2.88397
3.14713
3.01501
3.13912
2.56424
2.9069
2.40936
3.08898
2.68036
3.24468
2.69466
2.74085
2.87633
3.04317
2.82243
2.60675
2.86673
2.7177
2.80615
2.91884
2.91261
2.81072
3.04583
2.61893
2.74678
2.80554
3.01018
3.04305
3.08998
3.15172
3.13241
2.24639
2.7607
3.41732
2.88639
3.04333
2.77605
2.93468
2.95922
2.81602
2.94699
2.67943
2.78528
2.69437
3.08367
2.87221
3.13689
2.92413
2.70947
3.19464
2.65648
3.12318
3.20247
2.83638
2.34718
2.98896
3.28022
2.99582
2.67399
2.66923
2.84801
2.59792
2.83726
2.47001
2.85663
2.35441
2.66484
2.59062
2.94698
2.99095
2.73183
2.61884
2.73036
3.0211
3.04729
3.13818
2.77823
2.90713
2.79977
2.54462
2.33188
2.88432
3.07826
3.31671
2.71569
3.00522
3.00814
3.18911
2.40406
3.16391
2.77579
3.11664
3.2896
2.97511
2.80261
3.1696
2.74283
2.96782
2.98862
2.65088
3.1318
2.68005
3.11786
2.82626
2.86977
2.91247
3.26538
3.35762
2.67221
2.62048
2.75538
2.77693
2.88132
2.96811
3.17398
2.85749
2.69302
2.24915
2.51445
3.06712
3.11836
2.94437
2.28911
2.41115
3.01187
2.52897
2.53666
2.58419
2.5194
2.38927
2.44901
3.04367
2.84934
2.5567
2.41218
2.71813
2.34788
2.30163
2.68478
3.02002
2.8282
2.53915
2.85137
2.73269
2.96876
2.80501
2.75496
2.72407
2.46742
2.78834
2.84559
2.42233
2.66812
2.34458
2.84642
2.7087
2.6479
2.45638
2.72112
2.59893
2.69703
2.78427
2.74476
2.26527
2.81015
2.92528
3.00288
2.85782
2.8495
3.35937
2.8668
2.84602
2.74856
2.37502
2.43696
2.91814
3.0385
2.49082
2.3112
2.88408
2.66819
3.12324
2.5986
2.94348
2.87272
2.45881
2.51425
2.32718
2.74166
2.59255
2.5905
2.7752
2.83014
2.70929
2.78012
3.0231
3.07658
2.75732
2.937
2.95451
3.27094
2.89107
3.17464
3.53909
2.98507
3.12667
3.46029
3.24385
3.30168
2.84714
3.00466
2.57409
3.3269
3.15757
3.25926
3.42711
2.74569
3.15613
2.7887
2.82394
2.93777
3.12508
2.70855
3.06069
3.11326
2.97676
3.24436
2.83112
3.19696
3.14032
3.55712
3.06136
3.19713
3.24632
2.98768
2.86715
3.01116
3.37796
2.7505
2.74214
2.5047
3.12068
3.24921
3.30763
3.21868
2.99319
2.98559
3.1021
2.68885
3.1818
3.09505
3.24251
3.20193
3.30145
2.29955
3.36623
2.96111
3.50949
3.58612
3.38043
3.04052
3.25024
2.80159
3.27566
2.80741
3.00183
3.34767
3.3752
2.75188
2.71158
3.17224
2.85096
2.98358
3.3448
3.06331
3.18027
2.75699
3.1846
3.04191
2.74407
3.51073
3.09733
3.10512
3.18984
2.8219
2.856
2.99886
2.89681
2.81149
2.56716
3.06611
2.95391
2.79396
3.04712
3.0111
3.13232
2.35846
2.96648
3.27419
2.43825
2.75224
2.95487
3.15109
3.14119
2.9251
2.96138
3.12583
3.22726
2.40663
2.96633
2.61659
2.89491
3.00211
2.99392
2.86908
3.05841
2.67362
2.94325
3.0904
3.04942
2.95136
3.18784
2.69179
3.20202
2.76902
2.97496
2.68471
2.83527
2.70471
2.91964
3.08505
2.89247
3.51979
2.78326
2.92966
2.70576
2.71472
2.67466
2.90995
3.36804
2.75851
2.91013
2.78711
2.49587
3.4975
2.64182
2.89075
2.89826
2.84132
2.80543
2.53719
2.91053
2.73067
2.95005
2.9039
2.93581
3.07129
2.83694
2.98224
2.81517
2.85464
2.9304
3.10276
2.71465
2.99573
2.46411
2.66076
2.70575
2.77491
2.49203
2.83482
2.95434
2.94112
2.77866
2.92046
2.68637
3.16618
2.68614
2.83463
2.94347
2.78238
2.94195
3.30526
3.09222
2.6604
2.85304
2.6174
3.05926
3.19123
2.92393
2.8262
2.90436
2.58588
2.6938
2.6787
2.40423
2.64678
2.88648
2.75843
3.08409
2.94663
3.16193
2.981
2.84679
3.30812
2.69311
2.4582
2.82586
2.85382
3.24766
2.74334
3.08409
3.21006
2.84602
2.91309
3.15321
2.77401
2.79246
3.20271
3.00875
2.97091
2.90024
3.10629
3.15616
3.1588
3.03069
3.13018
2.69255
3.07034
2.61414
2.41256
3.21026
3.43272
2.78902
2.81058
2.89305
2.93064
2.95105
3.16336
3.08711
3.30407
2.93019
2.41906
2.8723
2.97569
2.93207
2.78367
3.122
3.09797
3.05674
2.82022
3.23795
2.77174
2.92278
2.88292
2.68098
2.89193
3.0315
2.85096
2.68765
3.19779
3.13649
2.68395
3.16137
2.84131
2.67648
2.70544
2.76146
2.83132
2.55711
2.94094
2.6168
3.11065
2.83838
2.58561
2.84156
2.82071
3.12317
2.91036
2.67944
2.76912
2.7639
2.71958
2.95026
2.55607
2.72518
2.82719
2.99252
3.05461
2.69623
2.92887
2.88854
3.2959
2.90789
2.79293
2.88595
2.8946
3.03117
2.91613
2.57521
3.0896
3.00462
3.09049
2.87491
2.72297
3.21911
2.97475
3.05943
2.89356
3.0446
3.24324
2.82382
2.98107
2.92414
2.44313
2.93825
2.7505
2.8937
2.81715
3.19885
3.20195
2.84927
2.83288
3.3079
2.49928
2.4876
2.92093
3.03174
2.93824
3.29683
2.84252
3.00303
2.65881
2.77688
2.73374
2.5031
2.95164
2.5628
3.05661
3.26795
2.53775
2.80118
2.82276
2.65813
2.78911
3.06835
2.71815
2.89335
2.63731
2.56128
2.90405
2.96777
2.5847
2.83232
2.9488
2.95354
3.04466
2.6982
2.89235
2.59568
2.6834
2.71463
2.56938
2.64947
2.83986
2.9269
3.1533
3.05398
3.01584
2.48858
3.23203
2.92896
2.74227
2.89721
2.96904
3.33903
3.26251
3.09296
2.43928
2.84675
3.07542
2.71337
3.01002
2.92208
2.57634
2.99941
2.88733
2.97542
2.88374
3.12359
2.787
2.75074
2.69116
3.06389
2.90197
2.8173
2.70594
3.56804
2.77327
3.16638
3.10059
2.43063
2.68851
2.82352
3.15381
2.96504
3.18748
2.88172
2.87508
2.71521
2.54336
3.03826
2.9967
3.04872
2.95919
3.37573
2.95658
2.89968
2.6163
2.96222
2.79461
2.96198
3.03457
3.11732
2.59691
2.79041
3.1727
2.77113
3.32007
2.61102
2.83454
3.0232
3.01229
2.61936
2.93598
3.07888
2.8787
3.06726
2.86584
2.84015
2.80814
2.94532
3.10191
2.70228
2.78112
2.91966
3.01659
2.73981
3.12455
3.41759
2.37797
3.12852
2.50231
2.94656
2.5263
2.97072
2.6406
2.74419
3.04381
3.05047
2.77183
3.04863
3.03494
3.08566
2.79251
3.05239
3.00537
2.92088
2.83017
2.52134
3.08394
2.51928
2.96191
2.5418
2.90033
2.60527
2.78437
2.94597
2.99161
2.59551
2.49277
3.10025
2.44961
2.75433
2.98905
3.02468
2.81951
2.76089
2.89109
2.89988
2.90622
2.71363
2.80723
2.88071
2.3327
2.57775
2.7155
2.81704
2.8377
2.56349
2.95164
2.42903
2.52876
3.19048
2.3484
2.61175
2.56992
2.98288
3.0953
2.98914
2.8992
3.23619
2.45754
2.66952
2.92941
2.73862
2.64702
3.00599
3.05532
3.32265
2.83422
3.08549
3.37959
2.55251
2.44775
2.88833
2.70097
2.95642
3.15465
2.73969
3.06098
2.94565
3.04095
2.75576
3.13064
2.90473
3.43082
2.25203
2.25468
2.35928
2.34384
2.99701
3.20411
2.90603
2.65091
2.81077
2.72544
2.80453
2.46731
3.27752
2.88875
3.0001
2.85953
3.02409
2.4917
2.92068
3.15178
3.04044
2.74388
2.96545
2.92293
2.87245
3.04533
2.92398
2.74527
2.95321
2.96613
2.89881
2.98344
2.94379
3.16987
3.00748
2.63714
3.01214
2.96527
2.98978
2.83318
3.13737
2.72162
2.70061
2.5976
2.77248
2.94804
3.11737
2.88401
2.72968
2.74089
2.91182
3.11461
3.04379
3.11649
2.70593
3.01407
3.50894
3.21756
2.83833
3.13072
3.16476
2.75267
2.81838
3.30373
2.40274
2.87882
3.09976
3.20884
2.89343
3.04207
3.07419
2.81327
3.36846
2.77845
3.27889
3.07312
2.76716
2.83115
2.72795
3.17125
3.0466
3.41562
2.55722
2.77725
2.62705
2.90211
3.13334
3.04574
2.6865
3.3055
2.74986
2.52664
2.82218
2.86806
3.55528
2.82091
2.58854
2.98578
2.73461
3.27339
2.89431
2.55563
2.95579
3.02849
2.86161
2.73606
2.69242
2.62806
2.69839
2.62158
2.93253
2.50955
2.4605
2.87922
2.80119
2.4813
2.89542
2.74155
2.40169
2.76597
2.63538
2.7147
2.91251
2.89808
3.11874
2.72523
2.96922
2.46671
3.00403
2.30676
3.16549
2.75235
2.75613
2.92003
2.74466
2.87077
2.88037
3.32842
2.31025
3.07303
3.03234
3.3088
3.02728
3.10432
2.35769
2.89271
2.73122
2.78775
3.08549
2.39911
3.16754
2.8344
2.90135
2.84914
3.39651
3.06455
2.74984
2.73019
2.67272
2.80489
3.21619
2.78376
3.17879
2.51694
2.56395
3.34275
2.88817
3.28761
3.06628
3.06179
2.62723
2.58101
2.60588
3.21566
2.93619
2.14829
2.88754
2.93475
2.91256
2.80491
2.94135
3.00255
2.96696
3.09636
3.00048
3.12078
2.72705
3.12371
2.91595
2.74951
2.54461
2.71915
2.68095
2.67972
2.85605
2.5512
3.03841
2.96018
2.93378
3.06167
2.75532
2.35316
2.91598
3.11577
3.19744
2.91875
3.03358
3.08368
2.73747
2.94115
2.9148
2.85147
2.70017
2.96088
3.21298
2.91014
2.5814
3.02479
2.62518
3.05658
2.86212
2.67114
2.68559
3.1644
2.87986
2.70956
2.91912
2.97687
2.83617
3.16683
3.23577
2.95022
2.89686
3.00086
2.72716
3.02458
2.90573
3.15381
3.08337
2.81594
3.10991
3.01784
2.76736
2.73552
3.03063
3.22304
2.76098
3.02797
2.70349
2.78145
2.94395
2.63713
2.61319
3.05555
2.72008
2.67487
2.66772
2.81074
2.82468
2.83239
2.72067
2.57632
2.37504
2.71285
2.69636
2.90133
3.13279
2.8284
2.87797
2.67988
2.60681
2.83431
2.85048
2.61072
2.52763
3.02023
2.97288
2.87257
2.933
3.06177
2.56694
2.40411
2.94457
2.56137
2.90524
2.88765
2.80662
2.94588
3.06668
2.90039
2.26961
3.09488
3.00041
2.9384
2.67265
2.99343
3.00838
2.35652
3.09377
3.16552
2.75829
2.54859
2.53993
2.56017
2.82903
2.75785
2.77331
2.9183
2.64813
2.97485
2.65611
2.88536
2.87342
2.97066
3.08579
2.88878
2.53143
2.63136
2.95125
3.22966
3.32514
2.93788
2.8678
2.88616
2.35469
2.92587
3.0455
2.77274
3.02343
3.04599
2.99831
2.81377
2.89168
3.03453
2.53949
2.97135
2.54604
2.49568
2.60843
3.10883
3.26891
3.1721
2.97022
2.96853
3.26577
3.10666
3.08042
2.90938
2.56572
3.181
3.31115
2.73309
3.25245
2.87998
2.27429
2.81798
3.24588
2.98134
2.93658
3.05
2.96588
3.18282
3.24275
2.93013
3.34067
2.82493
3.0099
2.80459
2.84523
3.1164
3.11832
3.18121
2.84797
2.79254
2.82252
3.05921
3.13792
3.12461
3.01314
2.69765
2.85385
2.4244
3.19086
3.16162
2.92198
2.76478
2.86102
2.96464
2.79478
2.83311
3.49335
2.79513
2.98049
3.13782
2.86685
3.0309
2.54886
2.75294
3.06226
2.90923
2.67374
2.43711
3.05451
2.6851
2.87453
2.88047
2.75901
2.9058
3.27506
3.04353
2.96811
2.76379
2.86299
2.85224
2.82071
2.90471
3.03342
3.12363
2.66172
3.01683
3.0216
2.96282
3.28599
2.87738
2.94796
2.92971
3.27655
3.47037
2.5231
2.8112
3.16776
2.85838
3.16032
2.45507
2.80061
3.16422
3.34208
2.98325
2.68035
3.16284
2.87766
2.79841
3.0534
2.84365
3.32356
3.22362
3.18479
3.34654
3.21336
2.83744
2.85139
2.82745
3.09726
3.21272
2.85418
2.62661
2.83001
3.12805
2.86452
2.91633
2.77842
2.66289
2.91044
2.7257
2.99674
2.74054
2.9972
2.77352
2.91115
2.62127
2.80487
3.04466
2.81872
2.79581
3.08854
3.07843
2.98458
2.78796
3.05598
2.80516
2.95407
2.94003
3.19987
2.85825
3.14062
2.86064
2.69815
2.84668
3.06589
3.22092
2.83079
2.88578
2.63958
3.1203
2.97779
2.91497
2.76964
2.84069
3.1501
3.17174
2.71659
3.24431
2.79528
2.85781
3.0914
2.80168
2.69052
2.22761
3.04262
2.4013
2.86873
3.00326
2.89081
2.96681
2.83314
2.8097
3.05273
2.68472
2.94692
2.70864
3.08769
2.74598
2.97277
2.18296
2.82345
2.90845
2.77769
3.31164
2.73111
2.66591
3.00619
2.78017
2.63979
3.0293
2.69338
2.60054
2.51143
2.72742
2.96682
3.06826
2.74738
2.4823
2.65844
2.96456
2.9482
2.80335
2.62254
2.827
2.82223
2.94525
2.90575
2.91487
3.06016
3.06504
3.02253
2.66801
3.2284
3.16792
3.01166
2.97782
2.90108
2.51018
2.90755
2.83079
3.41719
2.59506
2.74106
2.73647
3.24625
2.74822
2.66162
2.73787
3.00235
2.95883
2.74173
2.70047
2.85013
2.595
3.08566
2.81227
2.80007
2.96076
3.03613
3.04179
3.27204
2.98677
2.96712
2.6565
2.84717
2.94724
2.87816
2.99455
2.95147
3.09816
3.04335
2.92187
2.66817
2.57214
2.63565
2.65066
3.00044
2.75991
2.34984
2.90676
2.85319
2.63845
3.17874
2.54092
2.72301
2.61849
2.73424
2.85218
2.88439
3.04366
3.01657
2.91616
3.24427
3.15803
2.99152
2.36752
2.69461
2.68672
2.64374
2.66696
3.02514
2.68715
2.62042
2.84034
2.93005
2.59662
2.65736
3.19241
2.92518
3.29886
2.97233
3.00089
2.90377
2.64379
2.79535
2.77551
3.18038
2.57729
2.75242
2.82678
2.81678
3.28031
3.06928
2.75239
2.86023
2.94792
3.11533
2.6183
2.50756
2.5904
3.05685
2.50391
3.02554
3.30605
2.70804
3.30737
3.20844
2.97939
2.94028
2.85182
2.93836
2.87157
3.06194
3.17749
2.81526
3.06358
2.92519
3.16106
3.16457
2.37112
2.80515
3.15068
2.70234
3.06747
2.5164
3.42596
3.23769
2.87707
3.32094
2.9886
2.69955
2.84733
3.15001
3.01779
2.79734
2.59189
3.09397
2.85181
3.3874
2.70527
2.64226
2.40422
3.08037
2.66924
2.75704
2.85196
3.24321
2.83262
2.86606
3.07955
2.98159
3.03714
2.9349
3.1656
3.0941
3.16741
2.69044
3.27659
2.90164
3.15774
3.3188
2.9492
2.89787
2.67234
3.03785
2.62004
3.1088
2.94932
2.68747
2.46243
3.06582
2.98298
2.95634
3.14408
2.7901
2.85271
2.5401
2.65451
2.92545
2.70752
2.69941
2.67048
3.03165
2.67932
2.85748
2.80582
2.69986
3.26186
2.69791
3.04319
2.95036
2.67469
2.85176
2.85295
2.87233
2.57765
2.72716
2.81428
3.00669
3.25402
2.69211
3.11953
2.5575
2.53279
2.9767
2.68861
2.91892
2.43188
3.17808
2.40402
2.92964
2.76295
2.87528
3.03365
3.06299
3.06587
2.73253
3.07938
2.83821
2.63261
3.04479
2.70426
2.95357
2.88663
2.58477
2.72671
2.94902
2.47555
2.83942
2.76593
2.83528
3.23249
3.08145
2.59043
3.04694
3.47585
2.91075
2.80698
2.85488
2.81343
3.21674
3.14357
2.84112
3.06776
2.69197
2.9708
2.91647
2.99543
2.59153
2.64116
2.88263
3.07675
3.09505
2.65584
3.01106
2.74965
2.78865
3.06568
3.07029
2.68573
3.27565
2.92796
3.08227
2.78153
2.83923
2.97409
2.80684
2.72957
2.74502
2.75749
2.45374
2.88648
3.13566
2.68802
2.81019
3.11786
2.7259
3.04029
2.98637
2.90087
2.862
2.95498
2.83098
2.84734
2.91611
2.81946
2.57433
2.78352
2.98442
3.23587
2.9733
3.05416
3.01904
3.0175
2.89772
2.70535
2.99963
2.99765
3.34603
2.55007
2.77346
3.28831
2.68209
2.85037
3.11403
3.10436
2.88429
2.91506
2.84922
2.8216
3.14498
2.82309
2.76086
3.02096
2.84717
3.10541
3.03801
3.08606
3.10202
2.7588
2.87628
2.91309
2.76848
3.11526
3.2332
3.08776
2.9331
3.41456
2.85175
3.05407
3.2211
2.95462
2.5901
3.22256
3.00542
3.22346
2.87872
2.58874
3.00558
3.34514
2.7347
2.77423
2.78031
3.02361
3.13464
2.83993
2.7217
2.93386
2.77148
3.07543
3.0061
2.92698
3.114
3.18177
3.14995
3.05266
3.22352
2.86761
2.58299
3.10361
2.57743
2.87978
3.15961
2.86426
2.70874
2.50607
2.83942
2.55218
2.31014
2.81781
2.87695
3.01268
2.74213
2.693
2.3135
3.10538
3.00896
2.46046
2.8008
2.5806
3.06125
2.95539
2.71548
2.82467
2.9315
2.88425
3.08545
2.66837
2.86122
2.84144
3.12349
3.04866
2.80425
2.93049
2.55054
3.03091
3.07836
3.65283
3.12997
2.79716
2.62425
2.97453
2.92488
2.51333
3.13612
2.8103
2.93059
2.57023
2.71247
2.87107
2.65467
2.97038
2.82139
2.5728
2.83812
2.57759
3.07821
2.86514
2.97752
2.58576
2.81935
3.01358
2.96909
2.8144
3.00662
2.86138
2.71155
2.77622
2.78886
2.89091
2.62226
2.9283
2.91436
2.71871
2.68823
2.73658
2.65753
2.78859
2.75256
2.52427
2.98202
2.87325
2.74387
3.22373
2.75988
2.38714
2.8313
3.09981
3.27464
3.04829
2.90256
2.94788
3.06105
2.97455
3.02411
2.86385
2.36849
3.29509
3.11617
2.70553
2.64012
3.05898
2.74307
2.95073
2.75591
2.75114
2.74979
3.12548
2.59629
2.75478
2.93342
2.57102
3.01214
3.0052
2.7628
2.6449
2.85964
2.98379
3.04532
3.03908
3.1461
3.22797
2.76618
2.487
3.1771
3.17793
2.88058
2.46591
2.74798
3.15775
3.1513
2.76281
2.88809
2.84914
2.94551
2.91814
2.57161
3.0558
3.40599
3.23459
2.79001
2.9468
2.93364
3.41758
2.77812
2.76222
3.27585
3.0539
2.86649
3.33096
3.40311
3.0066
3.1306
2.8421
2.92385
2.84592
3.22014
3.17619
3.25435
3.09615
3.06536
3.23299
2.502
3.33583
2.94927
2.77321
3.10216
3.29156
2.87708
2.47081
3.1208
2.79127
3.06536
3.08283
3.21823
2.73812
3.11835
2.81708
3.10949
3.05772
3.3025
3.10314
3.12839
2.92592
3.17461
2.73004
2.95651
3.15478
2.67665
3.20358
3.40337
3.4838
3.11282
2.45829
2.91755
3.10005
3.63003
2.6753
3.03409
3.05092
3.08922
3.09042
3.38923
3.37688
3.38799
2.86712
3.44264
2.99681
2.88768
3.06678
3.22909
2.95085
2.83088
3.3071
3.11952
3.40036
3.17689
3.33656
3.2728
3.19443
3.02717
2.90134
2.76349
3.15202
3.25002
3.04116
3.04445
2.77968
3.15889
3.10427
3.00989
3.30934
3.0195
3.0484
2.67527
2.78547
2.95506
3.32264
2.75001
2.93155
2.73928
2.80191
2.61286
2.69487
2.87709
3.11378
2.75638
2.86454
2.7731
2.84506
2.73065
2.87147
2.27463
2.44575
3.08393
2.91644
2.53514
2.58488
2.80426
2.85141
2.958
2.48715
2.79523
3.20648
3.01093
2.95256
2.69581
2.80572
2.68935
3.19288
3.03173
2.65561
2.81922
3.02685
2.90883
3.20019
2.70941
2.64508
2.5246
2.70396
2.78896
2.58965
2.80874
3.06783
3.02739
2.97415
2.97241
2.88042
2.59239
2.75255
2.91116
2.90869
2.75467
2.51831
2.67826
2.4366
2.9708
2.81837
2.55102
2.726
2.78529
2.8877
2.66425
2.79826
2.87351
2.87381
2.59728
3.08992
2.45088
2.63046
2.83758
2.61148
2.9986
2.80341
2.80589
2.53404
2.77274
3.22651
2.72438
2.46632
3.13024
2.9404
2.96968
2.82592
3.13945
2.70251
2.86507
2.57747
2.89322
2.57563
2.95004
2.88118
2.73434
2.76553
2.94637
2.64764
2.69477
3.07915
2.85619
2.7942
2.78266
2.70207
2.74388
2.46875
2.43042
3.1501
2.98343
2.87348
2.78353
2.73176
2.74689
2.65979
3.00809
2.85959
2.87482
2.31332
2.65134
2.79592
2.63715
2.72076
2.76722
2.67428
2.92759
2.94025
2.52484
2.30496
2.76067
2.96338
2.90707
2.67921
2.73081
2.84543
2.50888
2.84732
2.89835
2.97129
2.54143
2.65507
2.75049
2.75501
2.70499
3.05049
3.15885
2.6836
2.78323
2.91371
3.15372
3.06692
3.03855
2.93507
3.18441
2.56871
3.10872
2.89873
2.90569
3.21314
2.2798
2.92593
2.73995
2.94858
2.7244
3.23145
2.97921
3.00547
2.82034
2.29607
2.34544
3.09553
2.68592
3.13761
2.7203
2.86844
3.21461
2.61142
2.64942
2.97945
2.65228
2.83625
2.9022
2.78392
2.43745
3.02787
2.76839
2.47529
2.4666
2.75356
2.83469
2.81242
2.76241
2.62526
2.96579
2.89694
2.90539
2.82248
2.60236
2.9712
3.0566
3.18718
2.85406
2.76327
2.70924
2.97048
2.91077
3.14448
2.86036
2.77678
2.8796
3.34356
3.19406
2.78113
3.02847
2.47667
2.92267
2.69686
2.73458
2.93296
3.0109
2.87276
2.53351
2.54138
2.46546
2.38246
3.13627
3.07506
2.77302
2.77055
2.68264
2.38798
2.76788
2.71102
2.52701
2.77234
2.85638
2.54566
2.44036
2.74813
2.84334
2.66774
2.80719
2.62903
2.78504
2.99232
3.09256
2.65988
2.83232
3.00208
3.24798
2.74109
2.9377
2.60301
2.42587
2.91578
2.61404
2.91919
2.7367
3.23308
3.11953
3.18357
3.09935
2.95668
2.57964
2.81887
2.67903
2.89708
3.09858
2.56732
3.00173
2.67508
2.96134
3.11876
2.83344
3.24689
2.84194
2.70688
2.62836
2.67595
2.567
2.87137
2.71803
2.83853
2.60711
2.86241
3.08572
3.01985
2.80412
2.97347
2.60273
2.79175
2.58811
2.90779
2.90363
3.22609
3.05969
2.8786
2.99534
3.14966
2.70631
2.6336
2.97785
2.56223
3.05409
2.71336
2.85428
2.92447
2.99432
3.03136
2.86366
2.88598
3.02987
3.26815
2.80253
2.65475
2.82768
3.08526
2.37891
3.15097
2.52733
3.25907
2.76843
2.86916
2.59467
2.75494
2.92163
2.52571
2.68268
3.14843
2.74511
2.69205
3.3088
2.74642
3.14645
3.12888
3.21232
2.68845
2.30419
2.9583
2.67368
2.79146
2.70515
2.706
2.68305
2.74398
2.89519
2.90227
2.76875
2.68266
3.04618
2.52088
2.78165
2.74169
2.879
2.77059
2.79092
2.66625
2.56956
2.57486
2.99064
2.50755
2.97627
2.72334
2.97757
3.12808
3.31114
2.9914
3.0548
2.82208
2.8614
3.01261
2.77228
3.16207
2.2934
2.74382
2.65483
2.52706
3.04377
3.13146
3.01174
2.76616
2.66094
2.70364
3.03505
2.87077
3.18677
3.06723
2.85042
2.94258
2.75415
2.79097
3.03495
2.38986
2.27895
2.79606
3.38728
2.49448
2.65423
2.73302
2.9438
2.72207
2.79887
2.85956
2.73467
2.63939
2.58938
2.60388
2.68256
2.26624
2.90322
3.22174
2.69085
2.89847
2.68192
2.81117
2.61963
3.07338
2.59463
3.13273
2.29043
3.12986
2.60551
2.82857
2.91283
2.96484
2.85711
2.82008
2.69117
3.06123
2.67916
2.97638
2.95307
2.56135
2.96016
2.69479
2.83286
2.82266
2.6148
2.36601
2.83349
2.66429
2.63162
2.83032
2.62081
2.77449
3.07484
3.14215
2.79426
3.09404
2.3971
2.94665
2.18496
3.0444
2.51745
2.98147
2.92685
3.40215
2.71019
2.88801
3.15945
2.90722
2.70893
3.37662
2.80597
2.95252
3.07135
3.24687
2.73745
2.85466
2.97084
2.80745
2.973
2.73707
3.10024
2.57775
2.43781
2.78425
2.76089
3.22467
3.03983
3.22838
2.77184
2.93859
2.88329
2.71606
3.15047
2.82315
3.23577
2.81856
2.8696
2.82653
2.81597
2.67357
3.09423
2.98921
3.11725
3.05295
2.94009
2.9404
2.73015
3.04938
2.47135
2.65843
2.67062
2.9478
2.83352
3.16768
2.87802
3.04031
3.04135
2.64625
2.85866
2.92339
3.04084
3.21239
3.23186
2.88722
3.21804
3.03082
3.18223
3.01158
2.95866
3.19476
2.80751
3.14411
2.99395
2.52073
3.2711
2.97868
3.07359
2.74509
2.94369
3.24692
2.53066
2.79475
2.6985
3.0532
2.88223
3.025
2.82626
2.69358
2.63217
2.73853
2.87076
3.04238
2.92911
2.815
3.00772
2.76387
3.07474
2.59637
2.75708
2.96248
2.79788
2.7273
2.9523
2.66171
2.8932
2.89662
3.20187
2.85339
3.04415
3.17491
3.00801
2.665
3.25144
2.81922
2.78926
3.29985
2.48578
2.60512
2.70692
3.35385
2.83864
2.59989
3.11244
3.26179
3.01548
2.98266
2.63989
2.819
3.18626
3.26355
2.77865
3.06651
2.61593
2.7701
2.7591
2.83555
2.91287
2.90929
2.74868
3.07464
2.51109
2.91733
3.14152
2.48429
2.6536
2.87556
3.08448
3.40229
2.92015
2.87783
3.1803
2.89391
2.79474
2.89193
2.74181
2.579
2.89194
3.25318
2.86517
2.89772
3.2367
2.90315
3.23239
2.67215
3.16592
2.679
2.98719
2.49532
2.6691
3.15737
3.20999
2.90543
2.89883
3.0781
2.55244
3.01953
2.84441
2.96731
3.23626
3.00745
2.59388
2.82369
2.8699
2.597
2.74491
2.95097
2.68434
2.40386
3.00613
2.90123
2.518
2.36736
2.80549
3.05239
2.31295
2.66205
2.78527
2.61426
2.44526
2.76218
2.72247
2.70845
2.70392
2.89443
2.62201
2.59298
3.00231
2.73943
2.53
2.65975
2.84489
2.60249
2.65034
2.61697
2.63442
2.85399
2.86954
2.54571
2.7357
2.59591
2.98397
2.73323
2.85403
2.95931
2.87008
2.48865
2.44521
2.82664
2.47818
2.38733
2.68302
2.88359
2.79741
2.80194
2.73664
2.82744
2.94408
2.94848
2.62714
2.64209
2.85716
3.02683
3.1525
2.75561
2.72917
2.45829
2.74698
2.90058
3.16586
2.6693
2.55168
2.33609
2.90472
2.28778
2.69874
2.84015
2.41297
2.87486
2.87491
2.78084
2.68825
2.88134
2.67404
2.77972
2.98739
2.79182
2.49252
3.04381
2.68762
2.76476
2.46492
2.88361
2.9755
2.81214
2.53282
3.07451
2.99459
3.0881
2.99844
2.75895
2.90852
2.64315
2.84963
2.46539
2.87656
2.69776
3.0369
2.64988
2.96755
2.64923
2.77299
3.05223
3.03994
2.41304
2.90721
2.90994
2.79762
2.62602
2.71262
2.46202
2.83724
3.35061
3.08994
2.88148
3.07618
2.74942
2.73398
2.89725
2.85425
2.48916
2.9814
3.00594
2.76725
2.75195
2.88395
3.1197
2.95674
3.44331
3.49656
3.37638
3.50608
2.55378
2.87968
2.89886
3.15525
2.93768
2.5009
3.31666
3.17324
2.95409
3.30782
2.89339
2.57159
2.84396
3.42655
2.93166
3.10392
2.74511
3.29193
3.06449
3.16095
2.49944
2.91259
2.82082
3.26601
2.91588
3.02086
2.69496
3.15461
3.09954
2.95016
3.09788
2.97596
3.14354
3.39124
3.03185
3.51752
2.99647
2.62214
2.31279
3.01655
3.0726
3.14924
2.88735
3.06431
2.86443
2.75101
2.83909
2.80556
3.03971
3.03383
2.98552
3.22123
2.99797
2.50924
2.87589
2.94337
3.23019
2.89289
2.7027
2.89442
3.23098
3.16933
2.70175
3.05916
2.97
2.88978
2.5243
2.78362
2.81345
2.81381
2.97341
3.13074
2.88964
2.65066
2.82235
2.95069
3.11767
2.80413
2.62983
2.50835
2.68072
2.95038
2.72355
2.66564
2.80847
2.87692
3.19289
2.91718
2.73278
2.75425
3.08122
3.30545
3.07575
2.85431
2.54037
2.26392
2.95724
2.93265
2.65435
2.85369
2.58728
2.73572
3.01512
2.93233
3.0552
2.63239
2.74523
2.86137
3.01603
3.04239
2.71146
2.98558
2.76992
2.77183
2.69574
2.51623
3.06643
2.71155
2.87679
2.9921
2.75464
2.96083
2.99646
3.02536
2.92593
3.15786
2.81532
2.59549
3.1735
3.05127
2.66675
3.47196
2.94328
2.94348
2.70709
3.04978
3.08637
3.61447
2.96794
3.00724
2.74693
3.14872
3.22767
2.94841
2.97056
3.33798
3.19594
2.9568
2.77996
2.96669
2.72886
3.00792
3.14289
2.731
2.46293
2.53026
3.04747
2.74744
2.80903
3.12531
2.72099
2.5494
3.00081
2.33528
3.09912
2.94988
3.469
3.13624
2.91397
3.07886
3.11475
2.34227
2.749
3.06516
2.84997
2.75428
3.06661
2.78019
2.90536
2.76098
2.75957
3.36132
2.97313
3.15671
2.64222
2.73371
2.58059
2.74164
3.05839
3.18133
2.81147
2.75265
2.5144
2.89581
2.84657
2.56241
3.08631
3.07508
2.95109
2.83175
2.83873
2.6768
2.58226
3.09438
3.38574
3.12353
3.21907
2.81032
3.13673
2.70262
3.03116
2.91555
2.80105
2.92551
2.90218
2.90719
3.19132
2.97533
2.79685
2.87709
3.02962
2.98431
2.77569
3.28573
2.86969
2.62122
2.88878
2.87381
3.07078
3.16764
2.85119
2.88287
3.13417
3.02559
3.3218
3.22692
2.94896
3.0126
2.81923
2.9436
2.99559
3.14964
2.90228
2.71792
2.96523
3.14929
2.87419
3.16341
2.89653
3.10956
3.13348
3.43901
2.94688
3.00993
2.75392
2.84886
3.21319
2.84193
3.16447
2.77381
2.93199
3.18057
2.83776
3.44965
3.27856
3.23393
2.85493
2.69999
3.38301
2.79128
3.12585
2.82062
3.07665
2.88751
2.45302
3.07209
3.05328
3.17262
2.76506
2.89509
2.63413
3.2275
2.98489
3.07592
2.41781
2.95299
3.22783
2.99212
2.92021
2.72877
2.68972
2.78436
3.08781
2.57725
3.34095
2.63982
2.98696
2.56062
2.77218
2.80893
3.07831
2.9519
2.95143
2.93077
2.85007
2.89097
2.73211
2.95614
3.34688
3.28576
3.03676
2.75663
3.36656
2.86919
2.66037
2.86743
3.05742
2.53655
2.78251
2.89603
2.75841
2.92848
2.67376
2.50243
2.79146
2.87202
2.71022
3.10742
2.75365
3.19027
2.8856
2.72565
2.7117
2.31916
3.0439
2.88167
2.84194
3.13793
2.83419
3.05444
2.86041
2.69634
2.82704
3.00301
3.14714
2.8918
2.693
2.78057
2.86081
3.22759
2.75511
2.94668
3.00223
3.0463
2.80979
3.10929
3.32235
3.10545
3.26388
2.93049
2.92682
2.73013
2.78512
2.83296
2.64332
3.3919
2.62226
2.82057
3.05506
3.29245
3.08539
2.93865
2.81069
2.9556
2.91858
3.362
2.96887
3.17619
2.889
3.03989
2.84352
2.94519
3.00765
3.0795
2.99193
2.79819
3.13658
2.83143
2.68171
3.03915
2.85769
2.99831
3.06587
3.2714
3.28207
2.85447
2.95727
3.19542
3.20514
2.77372
2.85316
2.87568
3.00784
3.02717
3.48471
3.17949
2.98549
3.09311
2.71275
2.80029
3.43547
2.93774
3.03246
2.85868
2.80341
2.99728
3.14649
2.80194
2.82236
3.25435
2.93651
3.44366
3.10594
3.44117
2.582
2.84289
2.75567
3.10314
2.53749
3.24225
3.55282
2.99265
2.76791
2.90733
2.81827
3.05789
2.99708
2.89069
3.09938
2.63729
2.96737
2.50854
2.83686
2.80219
2.829
2.99613
2.75224
2.91663
3.06648
2.57322
2.8111
3.12541
2.83148
2.45522
2.95639
2.7817
2.93215
2.66994
2.25783
3.13939
2.87682
2.80781
2.55129
3.1881
2.78845
2.92015
2.81748
2.58956
2.64216
2.9609
2.95123
3.0439
3.14727
3.04553
2.77801
2.67183
2.96781
2.81583
2.75623
3.14668
2.72919
3.00584
3.39937
2.71812
3.11424
2.78639
2.7618
2.91224
3.01667
3.33068
2.98575
2.94666
3.03911
3.004
3.56166
2.96279
2.99886
2.9658
2.7169
3.32715
2.80903
2.78256
2.69116
2.43781
2.74045
3.22763
2.80977
3.1832
3.00762
3.01269
3.13293
3.33675
2.89751
3.00056
2.9094
2.80682
2.66106
2.98808
2.7891
3.11633
3.39032
2.9967
3.05762
2.76389
3.05931
3.06698
3.08143
2.93451
3.11622
3.20069
2.64383
2.92216
3.13565
3.12483
2.82097
3.01581
2.77169
2.92606
2.51725
3.07613
3.03127
3.3684
3.20469
2.40571
3.23153
2.80938
2.96612
2.9502
3.0694
2.66018
2.39505
3.21423
2.99253
3.163
2.97813
3.00051
3.17657
3.11935
2.63444
3.05875
2.56635
2.90728
2.94317
3.03393
2.89731
2.67958
3.09773
2.88269
3.24447
2.87156
2.84325
2.89254
2.99349
3.10187
2.45299
3.12671
2.88867
2.64298
2.76732
3.23951
2.91088
2.45592
2.40538
2.95222
2.83435
2.51825
3.12531
2.68252
2.86178
3.31045
2.8547
2.92548
3.36326
3.25312
2.64032
3.09025
2.94351
2.98593
2.84714
2.58233
3.12754
3.32731
2.9419
2.80843
2.95365
2.854
3.01649
2.99712
3.09199
3.28581
2.97329
2.64853
2.98582
2.85429
2.8254
2.84172
2.8218
2.82751
2.4301
2.76688
2.62514
2.95737
3.03446
2.69061
3.00596
2.71919
2.65719
2.96389
2.835
2.84546
2.7311
2.9917
2.36388
2.74208
2.59484
2.81281
2.94462
2.78355
2.9978
2.47398
2.92229
3.17489
2.4028
2.9143
3.39268
2.68637
3.22568
2.66165
2.84651
3.01002
3.23782
2.96654
2.72387
2.70306
2.66131
3.09551
3.02783
2.90016
3.27632
3.25153
2.90598
2.84246
2.86051
3.00309
3.20117
2.47981
3.35567
2.91469
2.93919
3.04299
3.29182
2.79357
3.22107
3.32885
3.09601
2.70191
3.10899
2.90987
3.10922
3.14517
3.14428
3.21623
3.06534
2.61298
2.79339
2.83922
2.67142
2.78202
3.51741
3.15011
3.06599
3.42147
3.19703
3.44922
2.95753
3.02533
3.01227
3.14285
3.23865
3.07461
3.14827
3.20531
2.92522
2.91167
3.33722
2.70645
3.41761
3.53811
3.23878
3.02399
3.03435
2.93275
2.99275
2.77749
3.01438
3.04996
2.86594
3.18135
2.81609
2.99798
2.47854
2.65418
2.8402
2.74266
3.0598
3.13822
2.85868
2.77389
2.92239
2.61936
3.43507
3.10042
2.93861
2.56191
2.78523
2.87977
2.60679
2.88494
3.22069
2.76374
2.88308
2.42948
2.6642
3.07519
3.09892
2.95864
3.21283
3.15
3.24102
2.96831
2.99881
2.69349
3.26459
3.20764
2.92565
3.28522
2.71637
3.1198
2.83097
3.28652
3.20746
3.00107
2.73241
2.90339
2.70574
2.70576
2.98002
3.24717
2.86207
3.08405
2.86549
2.87169
2.96482
3.00314
2.82732
2.50907
3.07965
2.6466
3.00297
2.85288
2.74875
3.07347
3.03373
2.62548
2.89253
2.65278
3.17121
3.26313
2.90607
3.11665
3.48039
3.191
3.41996
2.95797
3.1219
3.06625
2.90433
3.13372
3.39498
3.07649
3.02714
3.23187
3.24319
2.83745
2.69168
2.67588
2.74505
2.41236
2.87499
2.50246
2.50569
2.86705
2.94576
2.79381
2.81993
2.83406
3.10825
2.86078
3.01428
2.96459
3.17484
3.80555
3.18237
2.75324
2.84307
2.81954
3.19035
2.93995
3.17495
3.11528
2.99407
3.09996
2.80691
2.97583
2.65333
2.81647
2.51764
2.85079
2.97009
3.37145
2.74347
2.58433
2.74517
2.60219
3.01353
3.11819
3.16191
3.21399
2.78738
2.64632
3.02785
3.21389
2.77997
2.76111
2.7868
3.0346
2.94048
2.69892
3.16166
3.30609
3.07855
3.15064
2.6542
2.45557
2.97019
2.695
3.05445
2.7031
2.45358
2.9745
2.79594
3.28438
3.18885
3.23539
3.10916
2.79797
2.96578
3.22889
2.87273
2.83351
2.93364
2.85883
2.84744
2.50226
2.98693
2.94839
3.00785
3.049
3.00222
2.89474
3.22538
2.76606
3.19463
3.57587
3.10768
2.96118
3.13572
2.98572
2.94357
2.98768
2.86886
3.0204
2.68501
3.10009
2.86373
2.57416
3.08436
3.02076
3.20404
3.15984
3.26676
3.004
2.21374
3.04803
2.68923
2.843
3.20526
2.98434
2.57478
2.74201
2.78494
2.68798
3.02399
2.87572
2.814
2.77402
3.21447
3.15672
3.08665
3.23304
3.12311
2.29471
2.68169
2.88442
2.98055
3.03088
2.89509
3.01509
2.58355
3.10205
