8.84534
8.95943
9.45285
9.53899
9.12396
8.85817
9.20827
9.82603
9.40038
8.92607
9.47051
9.16298
9.44942
8.51541
8.77764
8.93974
9.18634
8.75614
8.99537
9.30618
9.35235
8.95101
9.60843
9.39459
9.02905
8.70667
9.10891
9.23375
9.61231
9.18572
9.06988
9.312
9.57436
8.98284
9.46527
9.27648
9.04766
9.09468
9.36817
9.12852
9.30213
9.10498
9.45432
9.11882
9.12335
9.34225
9.19538
9.18878
9.26017
9.16014
9.10697
9.01076
8.99439
9.19921
9.11722
8.69705
8.9193
9.24873
9.10149
9.03228
9.26915
9.17175
9.34105
9.26341
9.30619
9.2009
8.93772
9.06379
9.17572
9.34611
9.14125
8.93239
9.18027
9.1756
8.65913
9.24406
9.29795
9.42782
9.29341
9.43411
8.77492
9.39878
8.60767
9.3115
8.93808
9.31779
9.12593
9.05784
9.19247
9.31774
9.36787
9.34252
9.59128
8.98223
8.62082
9.68954
9.07412
8.99666
9.15241
9.30233
9.44401
9.40247
9.08217
9.28229
8.91375
9.19023
9.0579
9.29357
9.20266
9.25791
9.28829
8.85886
9.29488
9.39738
8.80025
9.15941
9.38164
8.97494
9.14947
9.03258
9.16198
8.94573
9.18627
9.11285
9.42427
9.26041
8.9789
9.05672
9.42413
9.49213
9.0471
9.02705
9.33906
9.30038
9.20852
8.98911
9.10046
9.03865
8.87192
9.32661
9.35301
8.687
9.02064
9.32653
9.42927
9.00651
9.25749
9.02673
9.21623
9.36069
9.31396
9.13086
9.10128
9.22868
9.12648
9.23151
8.81392
8.99677
9.12059
8.87745
9.08494
9.14075
9.28459
9.14361
9.13778
9.68729
9.22837
9.0761
9.14766
9.15896
9.28559
8.97715
8.38319
9.27159
8.72343
9.3852
9.14092
9.29075
8.8117
9.35159
9.02215
9.02182
8.66452
9.34701
9.31674
9.0016
9.20583
9.43327
8.88757
9.00771
9.24099
9.5849
8.79609
9.07065
9.23618
9.35029
9.40627
8.94553
9.05632
8.9533
9.09448
9.18373
9.20117
9.34105
9.33294
8.86241
9.28165
9.31782
9.33391
8.98134
9.38279
8.97404
9.06934
8.90127
8.64324
9.37166
8.85605
9.41276
9.41511
9.28045
8.85732
9.06232
9.20043
8.84923
9.38395
9.13551
8.99395
8.91507
9.09933
8.99473
9.05352
9.04879
9.01525
9.22996
8.85603
9.06303
9.08943
9.33916
8.94355
8.97791
9.29902
8.89396
8.82021
8.8098
8.6642
9.36342
8.86602
9.00623
8.72281
9.07976
9.11333
8.8081
9.06014
8.79071
9.05383
9.25298
9.24188
9.09175
9.08056
8.99869
8.92335
9.16339
9.16885
9.17787
9.27359
9.42762
9.06454
8.87325
9.01538
8.97167
9.20103
9.1091
8.90136
8.99445
9.28854
8.83447
9.06484
9.42452
9.20276
9.20332
8.68748
8.92077
8.60832
8.63925
9.38161
9.0453
9.56477
9.09984
9.1108
8.73615
8.94874
8.9619
8.81453
9.49273
9.12416
9.12455
9.3236
8.76044
9.10056
9.22036
9.1501
8.78817
8.73878
8.82277
9.23451
9.14436
9.40473
8.79159
9.20129
8.77963
8.85197
8.83323
9.34875
8.88204
9.00263
9.31297
9.35919
9.184
8.76081
8.95219
9.19253
9.63896
8.70438
9.25407
9.53747
9.283
8.51305
9.0707
8.54663
9.09479
8.91971
8.95407
8.66987
8.99015
9.12481
8.88412
8.67858
9.15449
8.60834
9.19096
8.74054
8.90367
8.7366
8.91586
8.81694
9.11532
9.16153
8.97444
8.96559
9.34284
9.00657
8.48617
9.07745
9.16774
8.80326
8.69252
9.07667
8.8006
8.94375
8.75565
9.04565
9.2811
8.95534
8.99208
9.07595
9.08489
8.93201
8.96944
8.76428
8.90546
8.98129
9.02162
8.97736
9.24096
9.19576
8.79477
8.98801
8.80825
9.04871
8.83439
8.70842
9.12816
9.0416
9.41802
9.27988
8.92626
8.92285
9.03122
9.02943
8.91652
9.03483
9.52491
9.20381
9.45913
9.31707
9.08232
9.17735
9.21745
9.2737
8.82461
9.14528
9.33557
8.52192
9.38004
9.14365
9.12607
9.11359
8.75265
9.16561
9.13088
9.45377
9.00362
9.39679
9.43166
8.88684
9.16153
9.09211
9.77869
9.20298
8.9768
9.3433
9.57894
9.79328
8.93769
8.84225
8.91158
8.9537
9.39318
9.54125
9.05202
9.28057
8.85451
8.95797
9.07848
8.81582
9.18428
9.47781
9.31495
9.16456
9.11999
9.02032
8.87288
9.09848
9.18793
9.36077
9.30092
9.27732
9.10472
8.97703
9.14509
9.11338
8.75087
8.97472
8.93996
9.33396
9.12867
9.40359
9.14876
8.92553
8.95123
8.66516
9.25878
8.56049
8.8994
9.32807
9.3647
8.88749
9.27267
9.45298
9.41309
8.87393
9.31405
9.25444
9.05294
9.37653
9.32536
8.83417
9.42005
9.22764
9.27084
9.12321
8.65521
9.29312
8.95324
8.87412
9.40293
8.86897
9.37201
9.21951
8.97189
8.87746
9.14603
9.13973
8.7123
9.35394
9.17301
8.59287
8.79092
9.16183
9.11493
9.15322
9.08768
8.87182
9.46256
9.08451
8.86134
9.58773
8.91293
9.22126
9.18279
9.12624
9.44329
9.31091
9.24551
8.97268
8.87766
9.25607
8.76881
8.9822
8.94716
9.19144
9.07343
9.15933
8.83775
9.11535
9.34858
9.13958
8.71833
9.0891
9.1356
9.18801
9.34667
8.65812
8.80434
9.27949
8.87916
8.96356
8.86293
9.12203
8.83422
9.19432
8.97777
8.97666
9.27937
9.06275
9.38907
9.35064
9.15177
9.03499
9.5128
9.27115
8.87022
9.06339
8.96284
8.44242
8.94888
8.96715
9.33967
9.07008
8.98719
8.71107
9.18593
9.28095
9.05692
8.81172
9.12143
9.13623
8.91872
9.25869
9.03195
8.98347
8.94986
9.29693
8.87945
8.91658
8.8877
9.0343
9.40147
9.14331
9.13302
9.56547
9.12113
8.84595
8.84759
9.55876
9.47339
9.26678
9.0621
9.00486
8.78212
9.1093
9.15596
9.06597
9.17133
9.69859
9.23571
9.1545
9.34157
8.93562
9.38974
9.0017
9.37604
9.61825
9.19814
9.47094
9.24966
8.80782
9.2079
9.45362
9.52118
9.38523
8.89674
8.724
9.03141
9.18912
9.25644
9.14692
8.92583
9.27166
9.7289
9.57205
9.31335
9.33475
9.07553
9.48178
9.15152
9.00565
9.39138
8.87857
8.84474
9.14131
8.72433
9.34588
9.36579
9.23293
9.32574
9.20496
9.34246
9.37328
9.26559
9.29731
9.24911
9.27601
8.95301
8.95596
9.11781
8.92672
9.02544
8.81124
9.09422
9.16989
9.28594
9.36136
9.3624
9.05769
9.13899
9.00378
9.10577
9.26982
9.42393
9.26826
9.16429
8.99704
9.3161
9.33303
9.45381
9.413
8.95393
9.24122
8.88836
9.14977
8.99938
9.11063
9.344
8.71872
8.76004
9.38891
9.03236
9.16654
9.27859
9.20766
8.72619
9.00184
9.00172
8.92552
9.22016
8.92432
9.27576
9.52567
9.26079
9.39065
9.21967
9.08669
9.55208
9.02419
9.12368
9.04496
9.49189
8.82935
9.13774
9.06042
9.29339
8.81047
9.05937
8.83994
8.92949
9.03769
9.15156
8.97763
8.86941
8.9857
9.47776
8.67671
9.00396
9.26919
9.36345
9.11347
9.52473
9.31725
9.15405
8.88648
8.686
8.5397
8.61939
8.96771
8.92233
8.85946
9.26948
8.58104
9.49942
8.92902
8.94415
8.98488
8.93485
8.91056
8.89291
8.58825
8.88878
8.81609
8.55229
9.38315
9.01263
9.06844
9.1324
8.99508
9.10413
8.6326
9.13705
9.02982
8.97721
9.36226
9.22749
8.80387
9.33854
9.20656
9.0551
9.7224
9.0979
9.30493
8.81844
9.05075
8.61022
9.33914
8.92158
9.54113
9.17225
9.23052
9.49812
9.13712
9.25495
9.24656
9.50933
9.05092
8.74596
9.46023
8.95566
9.12674
9.2349
9.47938
9.54522
9.4935
9.237
8.91563
8.94621
9.04154
9.37671
8.85827
9.42288
9.63753
9.44458
9.23796
9.30558
9.09511
8.85669
9.04102
8.99438
9.01528
9.33437
9.19076
9.38861
9.03393
9.038
9.02454
9.00452
9.06513
8.83343
9.3357
8.88249
9.03119
9.36232
9.40778
9.48232
9.30786
9.32181
8.93186
8.98152
9.08055
9.07583
8.94171
9.24124
9.18598
8.81817
9.40775
9.40801
8.92114
9.43287
9.11864
8.80123
9.16804
9.13609
8.85015
9.01128
8.7511
9.2213
9.07103
9.16811
9.39957
9.17022
9.01151
9.43039
9.05914
9.27401
9.24425
9.584
9.49652
9.15854
9.10625
9.11111
8.96627
9.29545
9.11633
8.97322
8.78817
8.95935
9.18587
9.00186
9.23485
9.23339
9.25762
9.13504
9.57044
8.98854
9.00834
9.09074
9.18017
9.50878
9.40283
9.00329
9.08485
9.03792
9.28744
9.28795
9.5086
8.91264
8.79678
9.38165
9.13162
9.27463
9.44625
9.32023
9.46554
9.0533
9.66967
8.92074
9.18997
9.00743
9.28438
9.13572
9.48042
9.13804
9.26773
8.69271
9.42072
9.26693
9.08343
9.05403
9.19453
9.17343
9.424
9.08354
9.23026
9.24176
9.12884
9.20088
9.03739
8.93653
9.09647
9.02773
9.51442
9.19278
9.45651
9.57166
9.06425
9.30485
9.44029
8.97258
9.07353
9.16227
8.95963
8.94619
8.95353
9.12483
8.50708
9.11323
9.57026
9.10057
8.90759
8.88743
9.14378
9.29235
8.89615
9.20781
8.83611
9.44429
9.00648
9.07227
9.42271
9.15992
9.52879
9.41411
9.33085
9.10389
9.18215
8.97418
9.34102
8.68221
9.21093
8.77092
9.14305
8.95131
9.29861
9.28015
8.81378
9.06213
9.00235
8.68244
9.29333
8.98611
8.73163
9.24794
8.95443
9.38229
9.13435
9.41609
8.95009
9.15231
9.08326
9.49449
8.86227
9.36588
9.13022
9.25858
9.26675
8.96164
8.79821
9.08766
9.27051
9.38913
9.172
9.00848
8.97589
9.11386
9.03186
8.83056
9.24255
9.41603
9.14699
9.18911
8.93625
9.0614
8.80414
8.90443
8.76363
8.55401
8.9474
8.91283
8.84311
9.29463
9.06805
9.0228
9.60414
9.06612
9.15174
9.31101
9.0274
9.02707
8.96903
8.55647
8.91769
8.58747
9.05603
8.95218
9.30728
8.95682
9.41672
8.98621
9.03686
9.00135
9.38468
8.83879
9.08176
9.51341
8.89649
9.19045
8.952
9.00457
9.31096
9.46672
9.07011
9.33819
9.21984
8.98723
8.59561
9.04329
9.40735
9.00401
8.90852
8.97227
8.75539
8.77806
8.54692
9.16569
8.97406
9.0505
9.62085
8.93858
8.96335
9.5246
8.98429
8.83089
8.74715
8.94173
9.2367
8.70469
9.0533
9.19043
9.02179
8.82405
8.86246
9.26546
9.24539
9.03955
9.03352
9.23363
8.44177
9.14511
9.08371
8.78045
8.94693
9.28224
9.05733
8.96664
8.99666
9.32662
9.31328
8.81857
8.82691
9.0884
9.09184
8.55739
8.67591
9.30302
9.15876
8.89625
8.97073
9.14894
9.25525
9.35983
9.10187
9.2572
9.20106
8.93717
9.26522
9.23382
8.92101
9.34889
8.89695
8.84437
9.01939
8.92078
9.1609
8.92458
8.96167
8.97205
8.79929
8.84069
9.0721
8.92032
9.35203
9.03761
8.60828
8.75125
9.16418
8.66101
9.04278
9.10884
9.28008
8.97997
9.11926
9.24544
8.92119
9.08638
9.19573
9.2487
8.93815
9.25626
8.99414
9.1674
9.10891
9.11769
8.9523
9.18136
8.83208
9.32115
9.16337
9.09261
9.48512
8.96946
9.42284
9.09505
9.12568
9.12208
9.57533
8.97764
9.13418
9.14802
9.50073
9.35082
9.40649
8.99988
9.38035
8.84436
9.79489
9.19504
9.04768
8.74987
9.24724
9.10391
8.85396
8.77601
9.13294
8.87517
8.85393
8.73216
8.81937
9.03987
8.77569
9.36683
9.17861
9.08287
8.80073
9.14464
9.21315
8.97101
9.17333
8.8784
9.06486
9.04348
9.52172
9.01957
9.06441
9.41976
9.37419
8.73815
8.9145
9.17
9.03627
9.32236
9.02909
9.70945
8.86887
9.1654
9.08894
9.48285
8.94367
9.18712
8.94313
9.04677
9.30472
8.87138
9.29042
9.24702
9.71873
9.22496
9.17488
9.25884
9.14663
8.67064
9.05145
9.31735
8.9857
9.51393
8.6517
9.07094
9.14145
9.35119
9.14847
9.61614
9.40453
9.30309
9.5584
8.82278
9.01653
9.20244
9.5366
9.10699
9.23948
9.2911
9.51471
9.25627
9.54491
9.52238
9.53825
8.97421
9.52779
9.14694
9.40624
8.94055
9.3935
9.15002
9.29622
8.87031
9.42552
9.06526
9.16413
9.21596
9.24551
9.00563
9.07474
9.24487
9.35976
8.83142
9.28265
8.87068
9.44516
9.07627
9.32396
9.07101
9.41286
9.20036
9.16786
9.14842
8.96572
9.28943
9.23774
9.61314
9.46529
8.88273
9.03889
8.8535
9.17425
9.19361
9.21113
9.3487
9.0785
9.39555
8.88228
9.29516
9.39835
9.57802
9.18645
9.356
8.9764
9.35925
9.35475
9.32067
9.053
9.17912
9.402
9.45317
8.95755
9.24234
9.09775
9.21238
9.36158
8.92415
8.75462
8.74596
8.86028
8.92584
9.29032
9.21898
9.15829
8.71164
9.01078
8.88216
8.44022
9.20159
9.12374
8.97308
8.824
8.8431
8.94617
9.08505
8.88236
9.31245
9.36897
8.93941
8.90171
9.08719
9.05455
8.75433
9.24182
9.2423
8.80249
8.98431
8.98461
8.91747
8.9281
8.94073
8.93719
9.24403
9.13783
9.0886
9.10977
9.21454
8.76906
8.61703
9.31744
9.10909
8.80899
8.69934
8.75793
9.11701
9.08016
9.14248
8.62682
8.91346
9.34056
9.15277
9.23532
8.85384
8.67315
8.56523
8.75846
8.3357
8.89462
8.66547
8.8917
8.81357
8.98831
9.06621
9.12344
8.95693
8.9904
9.08628
9.23812
8.7981
8.97555
8.87081
9.06883
8.99515
9.06174
9.02134
8.71714
8.86387
8.88422
8.71126
8.74707
9.15219
9.37305
8.9844
8.89419
8.98799
8.98646
9.02851
8.97878
9.33392
9.37903
9.21236
8.89358
9.27224
9.37946
9.75342
9.30714
9.08382
9.10878
9.3867
8.93121
9.32265
8.92827
9.16457
9.49699
9.28996
9.55223
9.22369
9.17743
9.61071
9.14912
9.1446
9.15185
8.98673
9.04435
8.71977
9.03911
9.38617
9.2667
9.15265
9.20981
8.93542
8.90032
9.03325
9.58806
9.2242
8.992
9.30328
9.37817
9.23736
9.23183
9.4614
9.49488
9.32915
9.19232
9.46387
9.31202
9.0932
9.00454
8.88699
8.97277
8.90571
9.35143
9.47503
9.33958
9.41298
9.12815
9.17482
9.33143
9.23602
8.92219
9.26497
9.02231
8.79593
9.00756
9.32852
9.06562
8.84959
9.32268
9.36416
9.35561
8.85643
9.09891
9.28059
9.34758
9.21763
8.82502
8.98081
9.08384
9.29408
9.045
9.17562
8.79018
9.09908
9.47162
8.79455
8.78635
8.71998
9.17006
9.30735
9.2951
9.30883
9.32393
8.93767
8.83505
9.40516
9.3133
9.27101
9.22974
8.92754
9.00824
9.12344
9.36984
8.98707
9.25192
9.14873
9.14413
9.19177
9.10076
8.93955
9.42129
9.12505
9.29446
9.09071
9.13942
9.21971
9.07823
9.19753
9.34652
9.00829
8.79115
9.13889
9.00777
8.97008
9.43069
9.13737
9.11032
9.06494
9.56214
9.08993
9.22288
9.33547
8.90365
8.74274
8.93571
9.23776
8.65432
9.375
8.93397
9.17778
8.84024
8.87935
9.13566
9.06143
9.01449
9.36357
9.00194
9.19664
9.07319
8.78438
9.1008
9.41533
9.36001
9.31828
9.09838
8.83562
8.62049
8.84183
8.99911
9.00665
8.99133
8.79391
9.06493
8.93929
8.56123
8.90954
9.0752
8.60599
9.01017
8.74778
9.09294
9.12806
8.85847
9.17099
8.93677
8.96406
8.64218
8.65536
9.20396
8.94093
9.28034
8.74123
8.65516
9.01697
8.73033
8.65209
8.65638
8.75526
9.0495
8.71949
8.78837
8.68965
8.90945
8.56472
8.71886
8.7289
8.83015
9.16012
8.85233
8.93925
8.73792
8.97397
9.09007
8.88932
8.99666
8.81586
8.7132
8.70402
9.04098
8.81294
9.08341
8.87297
9.35547
8.5038
9.07534
8.81143
8.11145
8.93801
8.73464
8.50856
8.46291
8.66847
8.79425
8.78574
8.79051
8.9569
8.93815
8.8861
9.09643
8.73332
9.12131
8.93433
8.6709
8.82237
9.16961
8.95324
8.61205
8.76461
9.05269
8.6061
9.05128
8.96529
8.87566
9.09383
8.75724
9.10622
9.60793
9.8596
8.84346
9.19423
8.75337
9.15672
9.2303
9.25825
9.1444
9.67062
9.28544
9.08679
9.14009
9.28416
8.88442
9.32052
8.41073
9.27977
9.15094
9.73583
8.91008
8.99957
8.83218
9.59945
8.75594
9.23897
8.98652
8.78434
9.2338
9.12901
9.08455
9.47246
9.20167
9.61925
9.41503
8.77233
9.23689
8.90968
8.63798
9.34341
9.15903
9.21517
9.41698
9.10256
9.00714
9.47286
9.20886
9.33426
9.04461
8.79736
8.87589
9.24595
9.37061
8.85641
9.11078
9.31916
9.41137
8.99173
9.03479
9.03507
9.32112
8.86749
9.05379
8.749
9.06928
9.19101
8.96419
9.19582
9.19885
9.12967
9.10948
9.27264
8.8049
9.26381
8.92854
9.17001
9.02717
9.14356
8.87695
8.93647
9.30917
8.68144
8.94966
9.13796
8.88396
8.90771
8.9528
9.13499
9.12699
9.31703
9.14577
9.44985
8.94073
9.50383
9.26028
9.04758
8.81635
9.06342
8.83739
9.32895
9.07424
9.20849
9.0617
9.25862
8.66311
9.17922
8.89895
9.2511
9.19789
9.5275
9.13004
9.14516
8.90093
9.28239
9.13718
9.38268
8.96499
8.95983
9.03282
9.15029
8.92838
9.03463
8.97806
8.79496
9.50119
9.23641
9.02107
8.80473
8.92429
8.77234
8.48631
8.52466
9.24904
8.96781
8.71036
9.00067
9.33939
8.84789
8.57072
9.01954
8.93928
8.70457
9.25521
9.00797
8.80463
8.83253
8.83577
9.11854
9.41136
9.21799
9.17605
8.82259
9.31439
8.98037
9.0718
9.26424
8.92632
9.1645
9.33303
9.1243
8.8835
8.94824
8.95793
9.06571
9.38164
9.09089
8.96745
9.20613
8.97699
8.64523
8.82832
9.13132
8.96461
8.58167
9.18156
8.94311
8.78552
8.86636
9.04684
8.88798
8.70493
8.90796
9.09953
9.08592
8.59789
8.69657
8.83092
8.64011
9.06801
8.80546
9.02326
9.37986
8.5963
8.99804
8.98793
9.2491
8.92546
9.09752
9.33307
9.02185
9.26694
9.08374
9.1427
8.90394
9.25132
9.32923
9.19141
9.1739
8.69385
8.859
9.09132
8.95498
9.10954
9.06197
8.99617
9.20427
8.95419
8.81728
9.20536
9.28858
9.16516
8.97395
9.17471
9.07404
9.34312
9.24121
8.97529
9.24381
9.25276
9.17447
8.70349
8.97971
8.87402
8.88665
9.24291
9.45803
8.92434
9.41675
9.56458
9.38124
9.24323
8.8389
9.27795
8.76316
9.30022
9.197
9.4788
9.21599
9.39159
8.81215
8.98383
8.92038
8.77
9.10039
9.0835
9.1726
9.38538
9.21482
8.86873
9.08401
9.16128
8.61011
8.57915
8.65612
8.77113
9.00154
8.92875
9.06324
8.90329
9.0108
8.99594
9.00226
8.8423
8.74492
8.79037
8.65128
9.04779
8.83247
8.84575
9.11218
9.41227
9.07584
9.45929
8.96772
9.35409
9.08537
8.90713
8.42263
9.10327
9.39208
8.97148
9.42043
9.25314
9.21311
9.20975
9.2945
9.1368
9.21715
8.91178
9.12032
9.1743
9.05205
9.10613
9.408
9.29092
8.91922
9.46967
9.33343
9.23767
9.14754
9.31456
8.41089
9.26182
9.38381
9.09856
9.19938
9.12638
9.07677
8.89079
9.06004
9.2099
9.33026
9.13937
9.15331
9.285
9.54372
9.45048
9.29678
9.11514
8.94887
8.64859
9.2979
9.52352
9.42553
9.4675
9.05941
8.79964
9.1025
8.54062
9.25483
8.85325
9.44988
9.35279
9.4699
9.24465
9.27774
9.03168
9.35447
9.43102
9.0308
9.00682
9.4068
9.23654
8.78089
8.75158
9.46059
9.08348
8.91742
9.28534
9.75396
9.01118
9.18468
9.34088
9.0158
8.91671
8.6413
9.34741
8.82367
9.3185
9.34978
9.14579
8.76524
9.29776
9.0804
9.09134
9.25831
9.28344
8.792
9.5392
9.13102
9.07749
9.38292
9.67695
9.02034
8.93453
9.22039
8.99127
8.90966
9.07246
9.23972
9.04679
9.23279
8.82891
9.42438
8.81209
9.02254
9.47946
9.12207
9.52011
9.2618
9.00881
9.18956
9.00748
9.47642
9.26474
9.17196
8.84677
9.08792
8.90631
8.96689
8.88101
9.356
8.96236
9.22215
9.03223
9.30659
8.91124
9.17859
9.11507
8.93583
8.72266
9.09777
9.16424
9.11122
9.06235
9.00185
9.23266
9.01265
9.18994
9.2981
9.22168
8.96975
8.96042
9.14771
9.53915
9.32831
8.95934
9.0881
9.35157
9.70212
8.84546
9.06292
9.09649
8.8073
9.21405
8.9821
9.03303
8.89647
8.91444
9.04279
9.34475
8.84474
9.25085
9.19542
8.83292
9.25125
9.22523
9.35554
8.8788
9.56746
9.11326
9.22602
8.87987
8.62798
8.78167
9.21564
8.99568
9.30126
9.2543
9.10539
9.13078
9.09239
9.18231
9.43287
9.58191
9.20411
9.59521
9.36229
9.46781
9.29055
9.01729
8.73967
9.20047
9.47265
9.41529
9.42102
9.1487
8.95671
8.98639
9.07093
9.18083
9.04098
9.37148
9.56109
9.12716
9.15644
9.21983
9.35737
8.79963
9.27158
9.36369
9.14827
9.29807
8.89156
9.15697
9.29135
9.55074
9.46582
9.03277
9.63489
9.48938
9.11112
9.25185
9.40861
8.97244
9.15541
8.84809
9.19853
9.11118
9.42242
9.23223
9.54759
9.21336
9.037
9.10044
9.70089
9.07097
9.50986
9.74371
9.39634
9.25258
9.35353
9.13388
9.52822
9.30108
9.62598
9.40294
9.40594
9.39765
9.21426
8.91596
9.25865
9.36785
9.42577
9.09489
9.13685
8.86939
9.40322
9.27248
9.06564
9.41749
9.2892
9.34625
9.36621
9.21685
9.38656
9.16397
9.18193
9.75691
9.22116
9.20777
9.17556
9.42875
9.48583
9.27697
8.87229
9.28435
9.1645
9.16907
9.384
9.06312
9.34128
8.91665
8.97349
9.70052
9.4742
9.19923
9.20739
9.51407
9.22202
9.49358
9.69161
8.72758
9.5118
9.41446
8.7872
9.30896
9.26681
9.13024
8.51588
8.75488
9.28041
9.06338
9.37521
9.06324
8.88287
9.10429
9.28199
9.34887
9.5698
9.10008
9.42998
9.45718
9.01874
8.87232
9.32979
9.24938
9.76699
9.29553
9.03978
8.88287
9.33624
9.1283
9.22364
9.43099
9.10005
8.91301
9.00824
9.28288
9.35711
9.51659
9.60866
9.04375
8.84365
9.19038
8.99285
8.97413
8.97331
8.96421
8.58337
8.8292
9.25708
9.0618
9.14834
9.07682
8.91836
8.86541
8.9338
8.89788
8.77923
8.89194
8.78974
8.82243
9.19303
8.60078
8.54357
8.6721
9.0252
9.33649
8.71442
8.94778
9.13358
8.96897
9.28965
9.00911
9.08269
8.97569
9.13942
9.55055
9.21023
8.91111
8.73571
8.50154
8.54054
9.08855
8.87317
9.29459
8.70245
9.2557
8.79637
8.48164
9.15259
9.01338
8.88311
9.00314
8.87706
8.91882
9.03466
9.06659
8.50308
9.11883
9.27269
8.88713
8.89086
8.8074
8.67063
8.81672
8.89109
8.90042
8.89557
9.35333
9.09453
9.36936
9.40156
9.64708
9.40878
9.46977
9.28949
9.07216
8.85229
8.6908
9.09588
9.32504
9.21554
9.16083
9.07642
9.08956
9.45348
8.84346
9.20299
8.99091
9.03637
9.00164
8.89394
9.06546
9.12942
8.78942
9.37509
9.22365
9.05538
8.71374
9.45858
9.24765
9.3745
9.05388
9.16874
9.17231
9.44062
9.29953
9.2789
9.23793
9.19264
8.87619
8.72094
8.98786
9.11389
9.35149
9.13841
9.09167
9.22127
9.30447
8.9985
8.93785
9.07475
9.78667
9.37801
9.25143
9.02325
9.15589
8.9888
9.00216
9.30691
9.54716
9.19802
9.08572
8.74668
9.05583
9.22683
8.84411
9.34757
8.99465
9.0412
9.43277
9.08555
9.41627
9.14666
9.41409
9.10553
8.98676
9.13173
8.62554
8.99009
8.98242
8.84566
9.27259
9.03926
8.53767
8.58799
9.43452
8.91477
9.05439
8.96777
9.00596
8.90217
9.09535
9.0666
9.3385
8.68607
9.19063
9.20379
8.97193
8.95498
9.14236
9.01044
9.10792
9.11374
8.93784
9.13796
9.02499
9.48625
9.26334
8.96653
9.2962
8.62681
9.21434
8.83583
9.00476
8.95793
9.0895
9.20909
8.70541
9.61203
8.76977
8.61293
9.05123
9.35954
8.90065
9.343
8.77391
9.0717
9.34934
9.01208
8.93032
9.0433
9.44931
8.97725
9.18857
9.27926
8.90051
8.72225
9.02069
9.45463
9.33314
9.25423
9.02724
9.12198
9.12447
9.39947
9.14509
8.4745
8.8323
8.79526
9.38174
8.9188
9.3652
8.91496
9.44702
9.22017
9.19476
8.99247
9.29432
8.81793
9.39777
9.40166
8.93133
9.09895
8.969
9.26836
9.18591
9.32288
8.8357
8.44351
9.19408
9.44967
8.92487
9.21944
9.14764
8.93312
9.18582
9.56566
8.79521
9.37986
9.17068
8.85123
9.46606
8.60491
9.03924
8.79015
8.82289
9.05317
9.0783
9.6669
8.79474
9.20478
9.31781
9.00637
9.28704
9.30319
8.93857
9.25671
9.2699
9.18766
8.90744
9.39661
9.22084
9.19619
9.15405
9.19678
9.23399
9.05719
9.42897
9.13717
9.24647
9.26242
9.04317
9.02788
9.03365
9.05863
9.22811
8.93795
8.89811
8.58516
8.9694
9.44897
9.0337
9.08115
9.25408
9.23891
9.07093
9.09502
9.16594
8.86344
9.27454
8.90682
9.09696
9.54256
9.61426
9.15539
8.94691
9.2448
9.24847
9.32706
9.10514
9.15335
8.84509
9.11463
9.01874
9.16798
9.52345
9.12828
8.901
9.63824
8.91761
8.97096
8.63854
8.93935
9.52845
9.0092
9.057
9.22293
8.95704
9.07989
9.43349
8.9313
9.35915
9.34306
9.3636
9.13427
9.11203
9.45817
9.06963
9.11937
9.62939
9.35721
9.37522
8.97642
9.35087
8.95112
8.9369
9.08603
9.26217
9.05929
9.06735
9.24412
9.49201
9.36364
8.99037
9.34883
9.31744
9.27458
8.98691
9.35802
9.04499
8.73605
9.26896
8.96589
8.98249
9.10941
9.05545
9.42745
8.79854
9.50236
9.00083
9.30441
9.59153
9.07942
9.16598
9.20179
9.2603
8.86923
9.31477
9.18393
8.9803
8.95768
9.02411
9.09942
9.33607
9.18115
9.15835
9.13093
9.01068
8.7803
8.77122
8.64804
9.26655
8.74696
9.16812
8.8478
9.00867
9.0267
9.43663
9.23668
9.3275
8.77777
8.98974
9.27594
9.37891
9.26487
9.36418
9.04101
9.2353
9.24327
9.14734
9.04584
9.154
8.77971
9.01409
9.55101
9.35914
9.00512
9.07543
9.51905
9.2694
8.97946
9.03723
9.09835
9.01045
9.47892
9.34414
9.45584
9.47274
8.88305
9.31124
9.00276
8.99331
8.77726
9.61088
9.52085
9.36401
9.14711
9.3685
9.22122
8.77866
9.14686
9.41854
9.58345
9.28433
9.10566
9.59546
9.10577
9.17307
9.3667
9.39682
9.06846
9.37344
9.27665
9.15716
8.82026
9.20111
9.21281
9.10881
9.04391
9.13852
9.12459
9.0652
8.90872
8.83795
9.08217
9.57982
9.55186
9.21056
8.96648
9.14641
9.13699
9.27922
9.44901
9.17825
9.15505
9.49062
9.5203
9.06588
9.35368
8.73738
9.07185
9.23455
9.26166
9.12105
9.4322
9.52396
9.07593
9.38796
9.38989
9.10062
9.5342
9.50476
9.09971
9.3144
9.02419
9.36137
9.28452
9.51596
8.96695
9.7758
9.49161
9.2695
9.43302
9.32044
9.48143
9.15323
9.39101
9.32706
9.10615
9.43593
9.53032
9.74914
9.04242
9.26301
9.48036
9.62201
9.83028
9.44823
9.34303
9.10768
9.28068
8.9703
9.18408
8.87462
9.23738
9.48108
9.07643
9.46957
9.41402
9.18567
9.34003
9.90774
9.36915
9.39125
9.50262
9.15211
9.5074
9.34207
9.39876
9.58727
9.62985
9.33514
9.29217
9.05419
9.16974
9.14914
9.13766
9.54476
8.98408
9.21346
9.11275
8.97474
9.04517
8.7774
9.01337
9.13862
9.1956
8.82339
8.97794
8.89818
9.48321
9.0289
8.97153
8.93188
8.99849
9.31068
9.22958
9.3272
8.59722
9.24201
8.73758
9.09181
9.27152
8.97905
9.44845
8.80759
9.08525
9.0323
9.1689
9.21206
9.29939
9.02351
9.16145
9.22694
8.97573
9.38937
9.17142
8.67188
8.98115
9.16191
9.35233
9.38145
9.26371
8.96793
9.0275
9.18334
8.98942
9.14432
9.20195
9.51481
9.15009
9.09904
9.65387
9.25101
8.89575
9.43003
9.41823
9.47418
8.51866
9.25123
8.65255
9.05283
8.94921
8.93095
9.37907
9.40982
9.0282
9.07375
9.09778
8.62051
9.43053
8.88161
8.87729
9.00766
9.18545
9.43682
9.37672
8.56052
9.33488
9.16105
8.79569
9.46067
9.41803
9.20697
9.28974
8.9336
9.11818
9.22531
9.41345
9.1393
9.24006
9.27909
9.2518
9.2476
9.45073
9.45445
9.04371
9.63608
9.21338
9.42165
9.57727
9.1731
9.02694
9.05947
9.28812
9.56445
8.91626
9.30256
9.10174
8.69736
9.49771
8.91947
9.09458
9.21476
9.1599
8.83732
9.60336
9.34015
9.26936
9.48316
9.30237
9.70592
9.17752
9.20332
8.89856
9.09598
9.45172
9.28711
9.50664
9.01114
9.2185
9.35185
8.87614
9.45141
9.15914
9.27342
9.75923
9.17535
8.99899
8.81395
9.02965
9.07933
8.76915
8.82917
9.10915
9.35547
9.3858
8.85813
8.94144
9.01934
9.2665
9.2464
9.16917
9.16641
9.09245
8.98522
9.23241
9.53111
9.22967
9.54201
9.0566
8.98138
9.28617
9.02409
9.26475
8.95117
9.21872
9.07916
9.43521
9.02083
8.91529
9.21845
9.32491
9.29837
9.23206
9.13785
9.25747
9.07652
8.98551
9.40521
9.54953
9.13665
8.97823
9.13366
9.25459
9.03531
9.20712
9.41256
9.1356
9.36239
9.19992
9.20612
9.02977
9.01213
9.32125
9.28544
9.20511
9.20488
9.60777
8.72292
8.98168
9.14413
8.78611
9.45913
9.23249
8.72242
9.1283
9.04849
9.50609
9.13358
9.24272
9.09089
9.16827
9.48183
9.58668
9.36741
9.03434
8.93649
8.84733
9.52194
9.82691
9.11716
9.37675
9.60117
9.3016
9.09912
8.86732
9.08614
9.18726
9.24564
9.40308
8.82693
9.07302
9.37698
9.30028
9.21393
9.09193
9.48418
9.29219
8.96018
9.37191
9.5174
9.59157
9.36982
9.28612
9.51176
9.52157
9.08813
9.76691
9.05351
9.0297
9.30273
9.04071
9.13779
9.36929
8.93447
9.20956
8.86964
9.15362
8.9722
8.95408
9.03296
9.29655
8.8828
8.74771
9.09951
9.04733
9.11878
8.7218
9.50222
8.6253
8.9364
8.90834
8.94732
8.84304
9.09419
8.9539
8.84323
9.19635
9.3407
8.9861
9.1098
9.04029
9.57846
9.38459
8.58161
8.96766
8.84353
8.6584
8.63833
8.91747
8.93374
8.93122
9.28819
8.92806
9.50636
9.1919
9.45951
9.00204
9.17139
8.88909
9.05267
9.08061
8.85923
9.33473
9.04103
9.10192
8.9972
9.29085
8.8902
8.95828
8.94058
9.01573
8.789
8.71662
8.88929
9.40299
9.03977
8.88693
9.25642
9.25188
8.72308
9.14382
9.04419
9.35724
9.31705
9.14585
9.19211
9.27198
9.01925
8.7211
9.01684
8.58134
9.31875
9.31055
9.14879
9.16303
8.9496
8.87052
9.08755
8.91699
9.24002
9.32184
9.25147
9.0021
8.96703
8.93643
9.21543
8.76983
9.1623
8.7155
9.44392
9.26776
8.94586
8.93107
8.58411
8.91422
9.07129
8.79197
9.31858
9.08881
9.07699
9.01216
9.47638
8.89217
9.13133
9.01484
9.10681
8.94138
8.52482
9.22465
8.52277
9.0724
8.76474
9.18683
9.46348
9.03686
8.71969
8.70962
9.00377
8.71792
9.09863
8.80283
9.24668
8.88912
8.79758
9.08616
8.72645
9.35705
8.83608
8.73537
8.93984
9.00645
9.33598
8.87359
9.20229
8.89659
9.04776
8.77823
8.81021
9.0702
8.98194
9.06314
8.64718
8.84798
8.83739
8.72892
9.13469
9.5537
8.79744
8.57889
9.11908
9.02793
8.72865
8.99407
8.93994
9.05138
8.8497
9.20163
9.27064
9.17371
9.31736
9.19986
8.74775
9.14077
9.23864
9.27543
9.06329
9.1262
8.91227
8.49906
9.0077
9.4224
9.11792
8.97465
9.0902
8.99299
9.43676
9.0511
9.265
8.70863
9.22796
9.39542
9.20294
9.19131
9.45005
9.43984
9.00534
9.22575
8.92214
8.94455
8.9249
9.00682
9.17013
9.04582
9.0546
9.1574
9.25055
9.26391
9.04906
9.19339
9.14253
8.92844
8.64651
8.94607
8.77196
9.24558
8.9584
8.73164
9.06611
8.8049
9.25051
8.43184
9.04835
9.24234
9.11136
9.06996
9.069
9.08253
9.30587
9.2224
8.81944
8.99138
9.2058
9.5188
8.91236
9.22368
8.61862
8.73542
9.0199
9.18424
8.85913
9.20894
9.10713
9.02117
9.21409
9.13318
8.92153
9.15593
8.71485
9.25803
8.95219
9.15578
9.24443
8.92249
9.16808
9.14716
8.68249
9.26251
9.11215
9.1979
8.80704
9.30804
9.33311
9.12704
9.08975
9.2624
9.16593
9.43274
9.0113
9.24166
8.57291
8.9714
8.94159
9.13823
9.20955
8.72979
9.25045
8.69177
8.85294
9.12585
8.6987
8.8
9.20508
9.16186
9.04721
8.99072
9.50414
9.22799
9.69783
9.00597
9.2288
9.04218
9.12876
9.0133
9.16676
9.20942
9.021
9.13609
9.47898
9.4748
8.98415
9.07287
9.2379
9.27271
9.02625
9.82963
8.948
9.23636
9.31696
9.21848
9.36534
9.30476
9.59628
9.2954
9.40743
9.64804
9.16323
9.39126
9.44117
9.52626
9.39434
9.50907
9.29307
9.20024
8.95075
9.45801
8.8946
9.31075
9.18097
9.41166
9.08849
8.99219
9.07238
9.5586
9.02983
9.3349
9.47107
9.01154
9.45412
9.45741
9.41357
9.37006
9.60408
9.33274
9.2507
9.41258
9.39838
9.23954
9.53507
9.14939
9.45242
9.46657
8.96197
9.33315
9.17373
9.30481
9.22808
9.00306
9.27853
8.98919
8.78008
8.76609
9.2852
9.15499
8.73328
8.8323
8.86219
9.07372
9.11814
9.2657
9.07772
8.88089
9.33019
9.3138
9.19784
9.15138
9.40743
9.19421
9.08906
9.04669
8.76118
8.95754
8.834
9.26043
9.20582
8.76995
8.88506
9.12767
8.57983
8.88499
9.04413
9.02246
8.77086
9.37862
9.15041
8.97358
9.18677
9.17058
9.1641
9.2102
8.9901
9.42949
8.82062
9.09157
9.12889
9.11122
8.82205
8.68532
9.12332
9.11884
8.72812
9.08626
9.01049
8.42768
8.94304
9.04388
9.25739
9.13045
8.87933
8.87949
8.81149
8.90361
9.06495
9.00211
9.15318
8.84923
9.28243
9.47241
8.92456
8.84982
9.13678
9.08856
9.202
8.94808
8.60129
8.79521
8.76339
9.46066
9.03186
9.27142
9.06208
9.35774
9.23256
8.78427
9.06289
9.43345
9.00274
9.09596
9.27028
8.63155
8.94518
9.44348
8.71758
9.32448
9.49467
9.36358
8.86015
8.85966
8.59932
9.20468
9.43519
9.68969
8.81946
9.24551
8.97344
9.32103
8.78745
9.11842
8.9312
8.97432
8.79544
8.90175
9.21854
9.23813
8.53132
8.82204
9.02407
9.16865
8.85079
9.72587
9.24233
9.02742
9.19901
9.23545
9.20432
9.00429
8.81428
9.07827
8.79097
9.03881
9.02916
9.40663
9.02057
9.32567
9.15758
9.24417
8.76749
9.49826
9.68501
9.18373
9.04264
8.92636
9.21879
8.9044
9.01763
8.90213
9.37628
9.53923
9.24852
9.21783
8.62824
8.96557
9.02963
8.98969
9.28823
8.94026
9.49787
9.59146
8.94346
9.30166
9.09358
9.32589
9.54694
9.01129
9.37989
9.21149
9.2604
9.24001
9.28041
9.24986
9.26761
9.27142
9.09088
9.53077
9.36018
9.4453
9.36588
8.94641
9.21146
8.90078
9.59969
8.99739
9.49275
8.88543
9.61813
9.24206
9.51827
9.06042
9.28561
9.2167
9.00587
9.03223
9.04065
9.54187
9.30007
9.36382
9.1108
8.68011
9.23843
9.02803
9.51033
9.29749
9.24226
9.05893
9.07553
9.08002
9.1772
9.18908
9.19374
8.94547
8.74389
9.27305
9.13109
9.15605
8.86803
8.97689
9.02305
8.87087
8.8784
8.95113
8.90386
8.89419
8.6653
8.50991
9.04974
8.98821
9.17444
9.33257
9.10935
8.76261
8.91559
8.77377
8.78104
9.11528
8.53224
9.17698
8.88507
8.94678
9.16191
8.93325
9.27867
9.17218
8.73303
9.23504
9.04739
9.13753
8.88672
9.65839
8.99537
9.121
9.54198
9.27795
9.26723
9.09712
9.19234
8.72458
8.98408
8.93902
9.44797
8.85371
9.42788
8.94012
9.19447
8.73711
8.63511
8.90189
9.10791
9.39386
9.07579
8.93595
8.95083
9.31329
8.84235
9.27666
9.09949
9.00219
9.40568
8.8558
9.49181
8.88842
9.03716
8.65627
8.98827
9.21221
8.84974
9.3005
9.15703
9.45365
8.87203
9.17533
9.29044
9.15075
9.17806
8.7305
8.71152
8.84312
9.45441
9.34983
8.97611
9.4001
9.25387
9.16868
8.81492
8.7202
8.9486
8.95618
9.36096
9.07103
8.69034
8.78459
8.78367
9.01029
8.80474
8.60105
8.6982
8.85257
8.69943
9.22209
8.76534
8.78548
8.93436
9.32512
8.78819
9.01848
9.14425
9.1229
8.85524
9.33671
9.22518
9.19461
8.56911
8.88242
9.08337
8.9764
8.86143
8.79773
8.86244
8.85655
8.84232
8.76193
9.16717
8.78698
9.02449
8.88673
8.81899
9.04294
8.88972
8.88262
8.88757
8.79158
8.93196
8.70608
9.17367
9.02176
8.77913
9.07883
9.04625
9.40999
8.93572
9.43817
9.13408
8.81008
9.2213
9.49848
9.08725
9.006
9.03111
8.98818
9.18462
9.46976
9.20044
9.37445
9.19698
9.40028
9.33375
8.99307
9.38988
8.69317
8.8326
9.30577
9.27647
9.12702
9.06514
9.11773
9.30523
9.20031
8.858
9.05522
9.54697
8.81522
9.45118
9.00022
9.11914
8.99594
9.33748
9.22031
9.0681
9.27554
9.392
9.09375
9.26867
9.15452
9.4978
8.92388
9.18848
8.96439
8.96772
9.30028
8.80274
8.88199
9.13414
9.03566
9.00793
9.28898
8.77074
9.02081
8.85174
8.78385
9.02207
8.8762
9.24713
9.16704
9.37832
8.97206
9.13278
8.94506
8.54878
9.28259
9.06057
8.86034
9.03515
9.08657
8.75754
8.94702
9.05324
9.22071
8.6893
9.1167
9.06007
8.66376
9.04536
9.49957
9.05012
9.15643
9.47129
8.93838
8.90368
8.88313
8.73872
9.04367
9.20937
8.75029
8.79414
9.06149
8.91284
8.32871
8.97031
9.49495
9.08898
8.9508
9.31481
9.35782
9.11036
8.87025
9.31238
9.24314
9.12812
9.573
9.21856
9.04078
8.94548
9.12713
9.42048
9.15993
9.09051
9.18178
9.06958
9.24314
9.01393
8.97757
9.26013
9.34285
9.05004
9.1838
9.18438
9.15887
9.31127
9.1994
8.94094
9.08356
9.28387
9.64099
8.73169
8.9888
9.06209
9.14178
8.80963
9.01748
8.67614
9.09779
9.16305
8.81783
9.15049
9.33181
9.33017
8.95535
9.17059
8.93263
9.34537
8.96638
9.1485
9.23572
8.80967
9.21351
9.19744
8.99637
8.91752
8.94479
8.8249
9.05301
9.05125
9.13149
9.1718
8.65215
9.08548
8.88862
9.20614
8.87643
9.31871
8.99475
8.93513
9.23175
9.29996
8.97718
9.27232
9.06834
9.13112
8.92947
8.9373
8.98367
8.78361
9.08735
9.32583
8.87271
9.06227
9.12711
8.96798
9.12994
8.9098
9.46242
9.0736
9.00883
9.12559
9.17856
9.12269
9.32309
8.91956
9.15469
9.24228
9.28626
8.82403
9.02881
9.13472
9.11132
9.58101
8.97174
8.95752
9.15854
9.65093
8.94026
9.45184
9.19885
9.46945
9.19066
9.16076
9.40279
9.37165
9.09266
9.59783
9.47818
9.44661
8.99051
9.36678
9.24911
9.27019
9.35891
9.14449
9.20206
9.03493
9.15716
9.43889
9.03739
9.33831
9.40094
9.21429
9.1038
9.23988
9.238
9.38665
9.21953
8.83706
9.22051
8.72423
8.91956
8.89818
8.96521
9.19476
8.83638
8.99812
9.29094
8.75353
8.80436
9.24377
9.33029
8.81102
9.69231
8.84304
9.05771
9.01105
9.09138
8.81919
9.59051
9.26316
9.31261
8.69306
8.81407
9.14158
9.07878
8.9523
8.63591
9.06798
8.84777
9.20943
8.93781
9.12157
8.6087
9.10953
9.14878
9.59858
8.97548
9.14822
9.04735
8.8798
9.11637
8.79966
9.12004
8.88315
9.07708
8.9935
9.25857
8.85935
9.17949
8.73643
9.03921
9.10859
9.32141
9.08207
8.65271
9.22107
8.74273
9.07212
9.1856
9.02995
9.38975
9.0445
8.99131
9.00026
9.00935
8.51072
9.01682
8.88537
8.98316
9.15415
8.85645
9.20992
9.44821
9.13979
8.97119
9.05591
8.83935
9.2718
9.50344
9.16162
9.30674
8.85946
9.06015
8.93564
8.82536
8.93675
9.11585
9.21893
8.72624
9.00823
9.18292
8.72451
9.28288
9.27006
9.00988
8.9151
9.0833
8.78966
9.21263
9.33329
9.18211
9.15401
8.91884
9.16316
9.01751
9.32499
9.01488
9.14813
9.18669
8.7394
9.07688
9.02912
9.13698
8.84629
8.83012
8.97302
9.01992
8.96495
9.04736
9.02839
8.99889
8.57301
9.10216
8.83673
8.90033
8.97348
8.83575
8.84746
8.67377
9.04047
9.22044
8.81823
8.59597
9.06034
8.8011
9.26331
8.9219
9.04627
9.2953
9.37882
8.89925
8.9493
8.73286
8.7847
9.23792
8.98862
9.10269
8.44186
9.52574
9.12612
8.99012
9.38941
8.86031
9.03475
8.88209
9.21993
9.21535
9.05411
8.98697
8.66549
8.99189
8.91645
9.1872
8.62766
9.00584
9.17296
9.20102
9.02876
9.42234
9.05674
8.61886
8.68602
9.06494
8.98912
9.23018
8.72326
8.77424
9.16958
9.03551
9.29008
9.1521
9.27086
9.27742
9.28207
9.41234
8.94355
8.8754
9.16836
9.06497
9.05982
9.21299
9.19096
9.27242
8.7134
9.43598
9.32659
9.35539
8.77002
8.6956
9.05729
8.88645
8.91961
9.24954
9.02135
9.10495
8.94609
9.22295
9.24973
8.90135
9.07032
9.10327
9.10933
9.14146
9.17993
9.17707
9.24615
8.90925
9.30401
9.34005
9.36415
9.31936
8.94819
9.21321
8.93263
9.20129
9.45744
9.084
9.24026
9.30654
8.73116
9.33945
8.87529
9.07485
8.88891
8.85062
9.05087
8.80697
8.7845
9.02313
9.1922
8.7986
8.93246
9.24382
9.36811
9.00804
8.8197
8.92729
9.27903
8.96964
9.26838
9.16767
9.01976
8.72556
8.98907
8.58283
8.8952
9.69759
8.98026
8.74492
9.33292
9.08144
9.07492
9.17273
9.06834
9.39167
8.972
9.39993
9.27032
9.30018
9.61911
9.41903
9.42467
9.37923
8.97978
8.904
9.30978
9.05057
9.00027
9.2346
9.31008
9.12278
8.84936
9.00182
9.03457
9.24425
9.29099
8.60709
8.96292
9.24911
9.22524
8.77297
9.33623
9.21841
9.42937
9.13439
8.97997
8.97612
9.07971
8.821
9.05808
9.04077
8.96094
9.41534
9.3072
9.20899
9.25546
8.86021
8.5972
8.61503
8.97829
8.98194
8.79801
9.21501
9.31494
9.10454
9.14055
9.35358
8.91014
9.45297
8.51946
9.18795
9.20365
9.36802
9.05316
8.91112
9.24017
9.28356
9.21019
8.94182
8.79813
8.99061
8.6946
9.06384
9.14561
9.02225
8.97172
9.0016
9.33543
9.14973
9.43388
9.04064
9.00013
9.19665
8.78841
8.88773
9.13975
9.16656
8.89756
9.34791
9.14659
9.26171
9.47114
9.19003
8.87018
8.83724
8.9878
9.10734
9.15344
9.33818
9.14541
9.19023
9.16289
8.9889
8.88434
9.26259
9.02115
8.73267
9.34475
9.29583
9.40145
9.54079
9.391
8.90108
8.65838
9.33306
9.11705
8.64638
9.24198
8.71974
9.02582
8.99099
9.11688
8.96727
9.04242
9.02579
9.03922
9.04691
9.18437
9.24382
9.06542
9.29601
9.05614
9.11209
9.43023
9.46009
9.40099
8.85442
9.06103
9.24965
8.8055
9.20499
9.25896
9.42561
9.11003
9.19658
9.3623
8.99358
9.04527
8.97477
9.22698
9.06491
9.25014
9.25496
9.28569
9.16206
9.21172
9.20816
9.30014
8.8459
9.39316
9.15919
9.18176
9.17066
9.03381
9.44468
9.15799
9.41153
9.29447
9.045
9.38973
9.17744
9.43916
9.03856
9.76189
9.2059
9.21521
9.46329
8.81513
8.90933
9.3797
9.47791
9.23298
9.14404
9.25344
9.37987
8.93316
9.17529
9.42437
9.41354
8.95389
9.00139
8.97338
9.10273
8.93496
9.05794
9.12571
9.28425
9.41087
9.10609
9.0882
9.1763
9.37487
8.85408
9.09575
9.6516
9.2015
9.28292
9.15402
9.08086
8.81593
9.3422
8.83065
9.40788
9.39005
9.26006
8.96387
9.2419
9.37754
9.40727
8.91749
9.28359
9.20863
9.40688
9.38655
9.51355
9.31777
9.51581
9.52146
9.66803
9.05829
9.40238
8.8073
9.20679
9.30831
8.89733
9.35969
8.87403
8.88866
8.93548
9.73467
8.85141
9.39287
9.31307
9.23786
9.35182
9.02274
8.88949
9.49011
8.9386
9.42329
9.08712
8.99141
9.31389
9.39202
9.29616
9.20581
9.14253
8.95045
9.22823
9.04888
9.34611
9.30518
9.12258
8.90475
8.72727
9.37038
9.04132
9.07069
9.01656
9.03101
9.17873
9.2987
9.35432
8.67791
9.29603
9.38104
8.86557
9.48642
8.99706
8.83799
9.4739
9.27337
8.98737
9.51092
9.2832
9.45567
9.03193
9.47554
9.05535
9.10682
9.27403
8.87212
9.02712
8.80513
9.07784
8.73307
9.20799
8.96959
9.02948
9.31041
8.96217
9.09045
9.25073
8.76358
9.10709
9.41015
9.05146
9.13655
9.28364
9.08547
9.08148
9.16465
8.81162
8.9826
9.36988
8.93162
8.9919
9.59153
8.47918
8.70588
9.19156
8.40882
8.81181
9.25977
8.90391
9.03559
8.66672
9.05604
9.11762
8.76498
9.13351
9.16245
8.78482
8.58007
9.17051
8.77183
8.95886
9.09729
8.90121
8.73083
8.91943
8.55391
8.92628
8.73055
8.86721
9.47595
8.64647
9.03752
8.7237
8.72699
8.84221
8.51917
8.72862
9.23931
8.92327
9.36347
8.53271
8.92519
8.66123
9.10194
8.84982
9.20109
8.96606
9.03378
8.56834
8.99381
8.7089
9.01166
9.27656
8.78161
8.67359
8.76254
8.61677
8.9037
8.40557
8.82525
8.76288
8.60934
8.20935
9.08032
9.14142
8.76806
8.76993
8.67363
8.61099
9.19796
8.87788
8.86802
8.79342
8.80648
8.87954
8.65825
8.90388
9.11862
8.98934
9.06662
9.06124
9.35512
9.31213
9.58957
8.80746
9.03017
9.38685
8.48596
9.01423
9.38287
8.70163
9.08171
9.28891
9.46322
9.4564
9.15789
9.05325
9.21275
9.03279
9.1633
8.8905
8.71179
9.00774
8.5925
8.83096
9.03189
9.08704
8.86417
8.90102
8.88224
8.93202
8.63588
9.36366
8.79572
9.20074
9.00502
9.23527
8.94396
8.41702
8.59312
8.8085
9.15092
8.82827
9.21379
9.14911
8.78704
9.41491
9.46401
9.09913
9.3689
9.11197
8.90171
9.48867
9.33714
8.62493
9.28604
8.8798
9.4092
9.08724
9.35723
9.04851
9.14706
9.26919
9.43074
8.8239
8.92034
9.12217
9.27486
8.79608
9.21007
9.03263
9.06657
9.22358
9.21006
8.98341
8.93254
8.92758
8.81952
8.54096
8.99062
8.90319
8.54051
8.72876
9.23337
9.1171
9.28507
9.19512
8.95213
9.29267
9.05633
9.03411
9.10198
9.39201
9.36842
9.50218
9.5863
9.54211
9.07395
9.42323
9.13986
9.09957
8.87312
9.48448
8.99454
8.91823
8.7654
9.22931
9.07664
8.82249
8.78668
9.13988
8.71209
9.37344
9.12596
9.201
9.00218
8.73143
8.98663
8.68571
8.88249
8.96098
9.18786
8.97556
8.89849
8.95177
8.86315
9.08198
9.20181
9.02738
8.89367
8.91732
9.40353
9.20339
8.86038
9.00094
8.99735
8.94558
8.86698
9.0722
9.27284
9.14126
8.89132
9.14906
9.19803
9.19555
9.10813
9.08756
9.26936
8.93218
9.34512
9.29751
8.93417
9.28065
8.86746
9.02949
8.98361
8.7452
9.15745
9.36537
9.08736
9.50204
9.3159
9.65296
9.30146
9.28269
9.40519
9.10235
9.48511
9.24198
9.01679
8.94939
9.27956
9.09783
8.81092
8.84936
9.09286
8.96184
9.11698
9.09199
8.78419
8.94984
8.91691
9.03173
8.6753
8.72589
8.85994
9.33162
9.57926
9.44613
9.13537
9.01596
9.14975
8.85683
8.9521
9.27707
9.09912
9.07376
9.04013
9.09678
9.25058
9.0886
9.0542
9.01695
8.96972
8.89573
8.95277
9.12278
8.79149
9.03207
8.87067
9.17528
9.12027
9.58313
9.21085
9.09356
9.04717
8.65998
9.18218
9.01132
9.01999
9.50209
9.3915
9.02529
9.00989
9.0367
9.26662
9.13272
9.14898
8.97091
9.71157
9.41513
9.3745
9.05902
9.16142
9.30602
9.37741
9.0764
9.08403
8.89317
8.84581
8.59957
9.01168
8.89193
8.96629
9.17764
9.37825
9.37926
9.4979
9.21902
9.39127
8.66636
9.36521
9.51116
9.0988
9.10584
9.02842
8.98011
9.26846
9.06616
9.10529
8.94602
8.87629
9.54993
9.30581
9.04061
9.14182
9.16073
9.08352
8.95562
8.97302
8.92973
9.02552
9.13993
