28.7732
28.8881
28.5664
29.0764
29.2273
28.4996
28.8783
29.25
28.599
29.1893
28.8571
28.7872
29.1392
28.2825
28.8566
28.821
28.9297
28.5921
28.9832
28.6717
28.7087
28.916
28.7396
29.0274
28.2983
29.0354
28.9521
28.9867
29.0728
29.1397
28.9673
28.8114
28.8649
28.6541
28.7727
28.94
29.1338
28.8461
29.1253
28.6286
28.9408
28.9269
28.6435
28.8143
28.4684
29.3149
28.907
29.2071
28.8752
28.8717
28.876
29.0582
28.5631
28.7705
29.1216
28.8898
28.939
28.8361
28.3832
29.1268
28.7566
28.9128
28.6694
28.9838
29.0824
28.6826
28.6961
29.418
28.4893
29.0539
29.0758
28.5808
28.7399
29.1009
29.2109
29.0652
28.7966
28.7628
28.5835
29.2163
29.2747
29.1959
29.0858
29.0686
29.0792
28.7169
29.0026
28.5015
28.6772
28.4539
28.7544
29.0499
28.7589
28.9714
28.8766
28.6101
28.2042
28.5587
29.0236
28.5412
28.5578
29.0675
29.0752
28.5111
28.5794
29.0047
28.9162
28.9202
28.5436
28.9173
28.8143
28.7801
29.0126
28.9107
28.8894
29.0294
28.5304
28.8353
28.8867
28.6574
28.9856
29.3591
28.6691
28.7525
29.1654
29.0975
28.7758
28.9593
29.2195
28.8107
29.0313
28.8129
28.8445
28.7556
28.7471
28.7912
28.9974
28.6279
28.7349
29.0695
28.9594
28.6555
28.8076
28.8845
29.0571
29.1753
28.9228
29.0028
29.2309
29.1249
29.0939
29.0154
29.2031
28.9324
29.2219
28.8424
29.1012
29.0576
29.5182
29.1181
28.9857
28.7726
28.781
29.3377
29.2257
28.9033
28.3597
28.8753
29.2372
28.8747
28.8921
29.0282
29.1644
29.255
29.0555
28.6503
28.9514
29.1348
29.2742
29.1211
28.8482
28.9839
29.0428
28.7173
29.3128
28.79
29.2334
28.8638
28.606
28.668
28.9127
29.1448
28.9605
29.0549
28.7626
28.9831
29.0644
28.9701
28.911
28.9233
28.9406
28.6558
28.9782
28.6908
28.9976
29.0665
29.181
29.0512
28.4724
29.1634
28.9071
29.1465
29.0311
28.5864
28.8805
28.5794
28.8972
28.565
29.2275
28.9918
28.6468
29.3165
29.0411
28.9639
29.0498
28.6615
28.8187
28.9521
28.9159
29.1159
28.7296
28.8925
28.8599
29.0263
28.8629
28.6598
28.9953
28.7998
28.8063
28.5415
28.8599
29.4849
29.199
28.9614
28.5245
29.0381
29.2994
28.6622
28.8974
28.9188
28.908
29.2103
28.5449
28.8222
29.3944
28.872
28.8009
28.6205
28.6507
28.932
28.7412
28.5516
28.7672
28.9607
29.043
29.0635
28.573
28.593
28.8464
28.9641
29.1111
28.7828
28.9497
28.9793
28.9867
29.4942
29.0594
28.96
28.9357
28.7936
29.1955
28.5761
28.7667
28.5143
28.8152
28.693
29.0215
28.8016
29.079
28.6257
29.0112
28.7204
28.8625
29.1895
28.6021
28.3949
28.4641
28.6514
28.7494
28.5791
28.8696
28.6984
28.8739
28.5885
28.7676
28.3931
29.0116
28.7379
28.6736
28.1272
28.8163
28.8851
28.2379
28.5798
28.5415
29.0145
29.0243
28.6915
28.9903
28.6643
28.8361
28.6433
28.456
28.7858
28.5412
28.8716
28.864
28.8612
28.8356
28.633
28.4078
28.714
28.4867
28.7141
28.3516
28.5023
28.7405
28.3752
28.4711
28.7471
28.6929
28.6083
28.992
28.5261
28.7231
28.7251
28.5935
28.9671
28.4343
29.0662
28.6351
29.1371
28.7175
28.6999
29.1089
28.6897
28.7781
28.8029
28.7544
28.8267
28.7294
28.7552
28.6572
28.6797
28.6894
28.6136
28.2542
28.4135
28.5762
28.808
28.6927
28.8518
28.602
28.3724
28.5387
28.4872
28.7995
28.7721
28.7227
28.7431
28.9504
28.6998
28.5169
28.7734
28.7638
28.6496
28.6116
28.4762
28.5637
28.3439
29.0411
28.8679
28.732
29.0159
28.9508
29.0869
28.8693
28.6607
28.5193
28.449
28.9843
29.0135
29.1106
28.8237
29.1292
28.6536
29.0413
29.0985
28.7915
28.8035
28.9048
28.6893
29.202
28.556
28.6141
28.8771
29.1793
28.7894
28.8136
28.8725
29.0007
29.2914
28.809
28.7399
29.2063
28.7634
28.7759
29.1061
28.7931
28.7751
29.0217
28.6098
28.9262
28.8362
28.9145
28.5052
29.1292
28.7079
28.7619
28.9066
28.6411
29.0697
28.9182
28.9033
29.1107
28.985
28.9303
28.7753
28.8111
28.6201
28.6744
28.912
28.7999
28.5527
28.7342
29.0441
29.0921
28.8835
28.6711
29.1608
28.7042
28.605
28.6646
28.8001
28.6252
28.8723
28.8169
28.7606
28.6813
28.9447
28.6455
28.681
29.0905
28.8978
28.9177
29.0368
28.722
28.776
28.5697
28.9436
28.8024
28.9307
29.0658
28.6442
28.5494
28.7328
29.0839
28.7252
28.8775
29.14
28.8218
28.9799
28.951
28.7547
28.8937
28.7967
28.901
28.8077
29.0918
28.6943
28.6938
28.8023
28.5633
28.969
29.2983
29.0392
29.0379
28.8379
28.8336
29.4833
28.9967
28.702
28.8131
28.7919
29.304
29.3024
29.0336
28.4703
29.2016
29.1088
28.9736
28.8318
28.6097
29.141
28.5981
28.892
28.8026
28.5024
28.9818
28.9934
29.2596
28.9812
28.7557
28.8322
29.053
28.9602
28.8386
28.8135
28.8158
28.8548
28.9384
28.6248
29.3103
29.1151
28.8312
29.1534
28.8606
28.742
28.6403
28.9631
28.9706
29.076
28.6689
29.1224
28.8489
29.3706
28.8688
28.7964
28.9454
28.8314
29.149
29.1992
28.9177
29.0579
28.9675
29.008
29.1208
28.8598
28.9099
28.6334
28.8682
28.9367
28.9202
28.9929
28.3639
28.6842
29.1248
29.2832
28.9443
28.8195
29.0782
28.7129
29.0085
28.9527
28.4861
28.8577
28.9545
28.6048
28.9308
28.7146
28.7544
28.7127
28.2913
29.0364
28.6854
28.6753
28.6698
28.5896
28.4512
29.0192
28.8589
29.1301
28.9551
28.7578
28.851
29.0077
28.8748
28.9247
28.8848
28.794
28.6348
28.5774
28.7867
28.6916
28.7583
29.0338
29.086
28.7686
28.7135
29.3262
29.595
28.7415
29.0134
28.6256
29.0731
28.6028
29.0269
28.8523
28.6567
29.0715
28.7347
28.9502
28.8927
28.6417
28.7948
28.6699
28.8742
28.4918
28.8795
29.0303
29.1404
28.6552
28.9254
29.0546
28.993
28.771
28.7073
28.7167
28.8821
28.6147
28.6643
28.6902
29.1412
29.3169
28.6387
28.4673
28.7336
28.7172
28.8295
28.6261
29.0713
28.8304
28.9853
28.9484
28.8458
28.924
28.9602
28.5173
28.5874
28.7353
28.6365
28.7291
29.1156
28.6978
28.8019
28.9617
29.191
28.6903
28.6304
28.6325
28.9782
28.7522
29.0646
28.2024
28.5574
28.5932
29.011
28.5843
29.0516
28.8444
29.0203
29.1649
28.8765
28.6778
29.3463
28.5327
28.6793
29.2593
28.5705
29.0575
28.7235
28.8209
28.7048
28.8394
28.8959
28.8801
28.7914
28.8845
29.234
28.6023
28.657
28.9814
28.9763
29.1004
28.8506
29.0526
29.0848
28.4763
28.7669
29.0515
29.1347
29.0003
28.9921
28.7295
28.9113
28.6812
29.0439
28.86
28.6447
28.9504
28.5481
28.9162
28.6778
28.8528
29.0486
29.5972
28.8938
28.6192
28.7634
28.956
28.9564
28.9906
28.4533
28.8128
29.0904
28.752
29.1124
28.8558
29.2438
28.7738
28.7751
28.634
28.6067
28.7298
29.0274
28.4208
28.9613
28.6369
28.9616
28.8627
29.3672
28.8333
28.9112
28.8053
28.458
29.3965
28.9528
28.9976
28.7072
28.8588
29.2503
28.5138
28.9195
29.1837
28.8783
28.8869
28.9367
28.8817
28.9223
28.9565
29.4156
28.7602
29.3772
29.056
28.8729
29.1993
29.1314
28.9828
29.0016
29.0803
29.1748
29.3069
29.3632
28.7658
29.3578
28.9131
28.4754
28.7353
29.1778
28.7191
28.5506
28.9419
29.2673
29.021
28.8166
28.8479
28.9779
29.0433
29.0599
29.3797
28.9325
29.1031
28.9447
28.7017
28.8399
29.1602
28.5274
28.7356
29.0939
28.9812
28.7204
29.1571
28.679
28.9893
29.3172
29.0457
28.9072
28.9177
28.8353
28.9623
28.896
29.1214
29.0734
28.6888
29.0926
29.0814
29.2193
29.0217
28.8903
29.1703
29.2159
28.6396
28.7937
29.1765
28.9494
29.0148
29.0638
28.6235
28.9919
28.8516
28.711
28.9456
29.1368
28.8855
29.0894
29.0431
28.9873
28.8649
28.5491
28.5663
29.067
28.5786
28.5266
28.5087
28.724
28.3334
29.1021
28.6374
28.5066
28.5644
29.0346
29.2031
28.7529
28.9459
28.8493
29.2135
29.0085
28.835
29.0548
28.7295
28.4765
29.1893
28.8649
28.654
28.949
28.9692
28.6954
28.5369
29.1294
28.9082
28.3732
28.6877
28.7408
28.9035
28.7009
28.9169
28.7655
28.6235
28.9919
28.6842
29.0485
28.8937
28.8224
28.4692
28.5191
28.458
28.902
28.6417
28.994
29.1855
28.9767
29.1478
28.8383
28.6713
28.7256
28.9879
29.0917
28.5663
28.4962
28.8007
29.2061
28.7293
28.8441
28.977
28.8982
29.0753
28.833
28.977
28.5261
29.1432
28.7303
29.0002
29.299
28.7475
28.5837
28.809
28.9334
28.9985
28.5203
29.3077
28.6966
28.8091
28.8851
29.0896
28.7315
29.1184
29.1245
29.0663
28.5449
28.8987
29.0758
28.806
28.8248
28.8224
28.8455
28.9239
28.8472
28.564
29.0497
29.16
28.4289
29.0214
29.3676
28.9821
29.2415
29.2078
29.0772
29.5466
29.2291
29.0976
29.3232
28.9744
29.1255
28.9545
28.5961
29.0415
28.7942
28.6449
28.9902
28.9894
28.8627
29.142
28.9753
29.1908
29.2612
29.1045
29.0487
29.1322
28.7946
29.3899
28.6637
29.3833
29.1551
29.3052
28.7952
29.1589
29.4086
29.2796
28.9312
28.9375
28.9879
28.7278
28.8983
29.2869
29.2766
29.4516
29.3664
29.1826
29.147
28.8827
29.0652
28.7722
28.997
28.9262
28.8558
29.1965
29.0358
29.1527
29.2717
28.7728
29.2673
29.2026
29.1489
29.1917
28.5779
28.9239
28.98
29.1932
29.4558
28.8525
28.8846
28.7102
29.2619
29.699
28.7388
28.7607
28.6877
29.1384
28.6817
29.0325
28.805
28.6297
28.7549
28.3733
28.8254
28.3554
29.1278
29.3645
28.5021
29.0536
29.0235
28.5689
29.0882
29.336
28.4776
29.0254
29.1508
28.916
28.9588
28.7556
29.0252
28.9329
28.7259
28.7503
28.723
28.7825
29.0881
28.9065
28.9937
29.0393
28.7902
28.8536
29.0335
29.0734
29.2631
29.2858
28.8548
29.0963
28.8816
29.0905
28.8969
28.8232
28.6832
28.8237
28.8397
29.0208
28.9195
28.9405
28.8397
29.1079
28.609
28.9018
29.2326
29.3438
28.7132
28.6997
28.7998
28.8982
28.9009
28.7192
28.74
28.7559
28.8822
29.26
29.0144
28.7771
28.9957
28.9834
29.1973
28.7133
28.8885
29.0674
28.7715
28.9283
28.5954
28.9117
28.9124
28.8896
29.091
28.4859
28.5758
28.9348
28.6686
28.4112
29.17
29.1865
28.8095
29.1672
28.4238
28.7293
28.9431
28.4261
28.8173
29.0722
28.9393
28.917
29.0341
28.8159
28.8913
28.8173
28.9898
29.0611
28.9384
29.132
28.8529
28.8107
28.8583
28.9453
28.9037
28.7448
28.8722
28.7661
28.5705
28.9078
28.5968
28.6058
28.9132
28.9658
28.9261
29.1837
28.9923
28.9084
28.8057
28.7561
29.0378
29.0473
28.6274
28.8463
29.1287
28.8525
28.988
28.8547
28.9399
29.0462
29.1867
28.8903
28.8097
29.1102
28.894
29.031
29.1151
28.9529
28.824
28.6725
29.0901
28.8257
28.6091
28.8727
28.7789
29.2513
29.3411
28.6895
28.7111
29.1946
29.1824
28.8105
28.9828
29.0196
28.824
29.1359
28.6703
28.6429
29.0717
28.7006
28.6423
28.6211
28.8247
28.7325
28.9209
28.4335
28.9707
28.7849
28.7026
28.7302
28.7259
28.836
29.0808
28.6657
28.6521
28.7712
28.9819
28.7381
28.9283
28.6035
28.8887
28.7839
28.9491
28.8605
28.9196
28.7706
28.6125
28.75
28.6915
28.8062
29.2903
28.6987
28.7215
28.7747
28.34
28.5441
28.5827
28.8683
28.7213
28.96
28.9659
28.728
28.8138
28.7475
28.902
28.8503
28.7297
28.8601
29.0191
28.5547
28.7003
29.1058
28.8092
28.6303
28.879
28.638
28.9031
28.8617
28.9015
28.9308
28.6499
29.0207
28.9165
28.3319
28.5866
29.1241
28.9109
28.7857
28.7697
28.5871
28.7837
29.0625
28.7832
28.8701
29.2651
29.1122
28.6108
28.866
28.8115
28.6325
28.695
28.8155
28.6215
28.4762
28.2323
29.2758
28.5167
28.5046
28.3486
29.0101
28.8189
29.0533
28.5352
29.0335
28.7526
28.7746
28.3539
28.6232
28.6131
28.5704
28.8252
28.5706
29.0625
29.0823
28.925
28.9832
28.6131
28.9594
28.5136
28.899
28.8315
28.7567
29.1091
28.5673
28.6306
28.6944
28.5549
28.3815
28.6889
28.7074
28.2907
28.4778
28.4992
29.0339
28.8905
28.8828
28.6678
29.3013
28.7718
28.8773
28.6787
29.1293
28.4536
28.9369
28.62
28.7707
28.7558
28.855
28.4398
28.5878
28.2903
28.5754
28.7879
28.8133
28.9362
28.28
28.6769
28.7764
28.4968
28.5206
29.0409
28.6184
28.793
28.553
28.4429
28.6482
29.1306
29.1569
28.5134
28.8084
28.7397
28.5699
28.4321
28.7665
28.9568
28.5063
29.2051
28.3667
28.5876
28.4993
28.5937
28.9289
28.9017
28.2019
29.056
28.8536
28.8892
28.733
28.818
28.5248
28.4355
29.1832
28.9385
28.7461
28.7418
29.4322
28.8723
28.6901
29.3321
29.1319
29.3046
29.0986
28.8066
29.1773
28.9035
29.1129
28.9392
29.0529
28.8461
28.9622
28.7439
28.9369
28.6157
28.7858
28.9953
28.9863
29.2018
28.9343
29.0738
28.9295
28.7912
29.3062
28.6761
29.067
29.0089
28.8289
28.9193
29.0998
28.9366
28.6373
28.9199
29.0016
28.4671
28.8977
28.9876
28.662
29.0616
28.9811
28.9474
28.6904
29.0693
29.2458
28.8193
28.2735
29.3056
28.9711
29.0543
28.8369
28.9222
29.2276
29.1526
29.4336
28.9629
28.6911
28.7553
29.0469
29.0511
29.098
28.6218
29.1609
29.1294
28.6215
28.9078
28.8466
29.1324
28.9836
29.0823
28.975
28.7847
29.3838
28.8896
29.149
28.5214
28.7656
28.95
29.0008
28.8047
28.9046
29.0719
28.6071
28.9749
28.7587
28.8131
29.0295
29.1787
29.202
29.0936
28.8388
28.757
28.7919
28.4309
28.9454
28.5423
29.0603
28.2556
28.6632
29.2763
29.1278
28.4422
28.6759
28.693
29.2023
28.7842
28.7855
28.9799
28.5978
28.8716
28.8097
28.6821
28.6779
29.0054
29.2023
28.889
28.5975
28.5465
28.9851
28.9285
28.9558
28.5576
29.0843
28.9892
28.598
29.1399
28.8678
29.1372
28.5594
28.8586
29.0105
29.1594
29.0581
28.3935
28.7063
28.7622
29.2214
28.9967
29.2994
29.2076
28.9487
28.7918
28.6964
28.6468
28.8693
29.0276
28.9958
28.8979
28.8505
28.5002
29.0945
28.8235
28.8211
28.8391
28.513
28.8336
28.7818
28.792
28.276
28.6403
28.6372
28.4182
28.8096
29.0497
28.6263
28.9668
28.5597
28.3966
28.8117
28.7844
28.8438
28.836
29.0679
28.8574
29.0063
28.4676
28.7113
28.829
28.848
28.7245
28.9845
28.9318
28.8923
28.285
28.9362
29.0596
29.0775
28.714
28.5939
29.0651
28.8107
28.7792
28.9037
28.9501
28.8091
28.8146
28.5652
28.5377
28.7073
28.5845
28.7454
29.1514
28.7639
28.5233
28.6824
28.8241
28.5775
28.9572
28.759
29.092
28.8639
28.7602
28.6486
28.8099
28.906
28.3236
28.8804
28.5605
29.3634
29.0752
28.7745
28.8783
28.9542
28.8509
28.7961
28.783
28.93
29.1744
28.8089
28.7845
28.921
29.045
28.8289
28.1263
28.6053
28.608
28.8236
28.7775
28.7001
29.0148
29.2443
28.8573
28.5224
28.9379
29.0115
28.7781
29.1661
29.0768
28.5118
29.3385
29.1401
28.896
28.5385
29.2932
28.9629
29.1078
28.9285
28.9097
29.486
28.7984
28.7062
28.8381
29.121
28.9814
28.8215
28.931
29.3044
28.7611
28.9209
29.0553
29.0518
28.8414
28.7137
29.3312
29.1866
28.7509
29.0782
28.9111
28.8217
28.8
28.9432
28.7042
28.7057
28.9267
29.0071
28.85
28.7369
28.9528
29.0313
28.8965
29.2507
28.9066
28.3398
28.7941
29.1014
29.2169
29.0737
28.4919
28.7123
29.0791
29.1878
29.6542
28.9856
29.3935
28.5532
28.7267
28.997
28.5665
28.6467
28.6619
28.9399
28.9695
28.6341
29.1021
28.8342
29.0488
29.0038
28.7522
29.0042
28.2515
28.6904
28.7207
28.646
28.8551
28.875
28.6857
28.9527
28.5461
28.4712
29.128
28.8025
28.7738
29.3432
28.6324
28.6512
28.8508
28.4782
29.0321
29.0163
28.665
28.8558
28.39
28.8546
28.5462
28.5807
28.9874
28.5631
29.0267
28.7387
28.5815
29.1065
28.7331
28.6844
28.7731
28.734
28.926
28.7093
28.8368
28.7311
28.619
28.8841
28.7484
28.9825
28.7259
28.4968
28.8844
28.5804
28.4479
28.6244
28.7446
28.6186
28.6312
28.1305
28.6138
28.5998
28.6985
28.6408
28.4217
28.9262
29.1027
28.5214
28.821
28.3792
28.8352
28.5299
28.5041
28.3128
28.4449
28.6837
28.7974
28.6847
28.6119
28.3225
29.3397
28.6426
28.5789
28.2863
28.5344
28.6973
28.4336
28.3889
28.4536
28.7567
28.5952
28.8051
29.0187
28.6841
28.822
28.7142
28.9127
28.4159
28.7182
28.8163
28.5743
28.6316
28.6449
28.539
29.1424
28.5856
29.1329
28.879
28.5096
28.929
28.4724
28.5049
28.9463
28.6261
29.2573
28.7275
29.3068
28.5734
28.8964
29.1226
28.1915
28.4942
28.5115
29.0122
28.6486
28.5449
28.7923
28.466
28.7888
28.4752
28.1745
28.6582
28.9185
28.362
28.6633
28.3154
28.7981
28.8716
28.4775
28.6955
28.3366
29.0283
28.7411
28.2899
28.7315
28.8144
28.5913
28.42
28.3188
28.8646
28.6583
28.6041
28.2692
28.3588
28.4885
28.6738
28.2138
28.5396
28.5953
29.0043
28.9098
28.9627
28.7671
28.4721
28.5078
28.5792
28.6478
29.1609
29.0739
28.8909
28.8915
28.8737
28.952
29.1457
29.0767
28.8237
28.999
29.1059
29.1124
29.0598
29.3242
28.7697
28.8584
28.762
28.837
28.8188
28.6947
29.3394
28.8122
29.0366
28.7022
29.0421
28.8773
28.6472
29.0548
29.3601
28.8646
28.7439
28.9306
28.8137
28.7971
28.9196
28.7362
29.4192
28.744
29.1112
28.7212
28.7181
28.4655
28.6708
29.0508
29.1331
28.8499
28.5154
28.913
28.8315
28.8556
29.1001
29.1289
28.9368
28.7189
28.7144
28.8162
28.8057
29.3599
28.4828
29.0975
28.9291
29.0709
28.3626
29.1018
28.7935
28.8478
28.8658
28.9867
29.168
28.8736
28.9559
28.8984
29.012
28.6229
28.6245
28.7204
28.6313
29.1476
28.8566
28.8664
28.7451
28.461
29.0874
28.8916
29.0447
28.5269
29.0867
28.9274
29.0141
29.3646
28.7818
28.8321
28.7131
29.0588
28.6824
28.6455
28.8369
29.023
28.2507
28.4121
28.7949
29.2499
28.5631
28.7448
28.8777
28.764
28.6247
28.6739
28.5193
28.637
28.5054
28.8434
28.7436
28.9853
28.6913
28.3804
28.9313
28.8837
28.4589
28.7976
28.7572
28.5871
28.2699
28.4715
29.1739
28.6639
28.4018
28.7166
28.8343
28.9781
28.2572
28.9864
28.7837
29.1115
28.8891
28.9101
28.4077
28.7985
28.8248
28.6159
28.8013
28.45
28.8593
28.8
28.7297
28.9185
28.9504
28.8266
29.0441
28.6289
29.0508
28.9974
28.8607
28.5624
28.4552
28.3768
28.7193
28.6578
28.5212
28.8014
28.2742
28.7032
29.3161
28.6894
28.4643
28.6293
28.3607
28.4162
28.7954
28.527
28.4063
28.3645
28.356
28.7058
28.4738
28.4468
28.7184
28.7742
28.8311
28.8102
28.8445
28.3933
28.3243
28.822
28.7431
28.6897
28.4853
28.5444
28.5465
28.7763
28.4765
28.6949
28.4965
28.4193
28.2291
28.5652
28.7812
28.8341
28.3633
28.6975
28.7565
28.7381
28.2848
28.8614
28.6356
28.7932
28.3908
28.2635
28.1167
28.632
28.8591
28.7669
28.3584
29.0538
28.6455
28.7302
28.7827
28.6583
28.5857
28.3923
28.2775
28.8068
28.5605
28.3837
28.5984
28.4935
28.4509
28.5366
28.8534
28.8525
29.1454
28.9506
29.1615
29.1711
28.7483
29.1645
28.7617
29.3912
28.9012
28.9054
29.4148
28.696
28.7555
28.7271
28.8146
28.4053
28.7008
28.9874
28.6111
28.9246
29.1107
28.9895
28.9989
29.1956
28.8718
29.1262
28.8605
28.9778
29.242
29.1641
28.8656
29.1351
28.8261
28.8196
28.9382
28.9066
29.0949
28.9774
28.7225
28.8104
29.1292
28.6723
29.0905
28.6999
28.9755
29.5794
28.6462
28.8543
29.0428
28.8088
28.9822
28.8579
28.4791
28.8196
29.2035
29.1126
29.2652
28.6034
29.3862
29.0838
28.7127
28.9667
28.4915
28.8755
28.8026
28.2653
29.0427
28.7158
28.8799
28.6512
29.033
28.6674
28.4536
28.8851
29.0807
28.9842
28.9983
29.1919
29.2151
29.2759
28.5467
28.9857
28.7043
28.9357
29.0964
28.4295
28.9031
29.0568
28.7773
29.0134
28.8954
28.965
28.9339
29.025
29.026
28.6845
28.9042
29.2144
28.6726
29.136
28.7165
28.7766
29.164
29.1454
28.9488
28.9702
29.0119
28.9414
29.6448
28.9983
29.0428
29.2507
28.8227
28.9689
29.1308
29.211
28.8467
28.9015
28.9641
29.3327
28.8392
28.5824
28.6858
28.6034
29.2926
28.5291
28.9104
28.9492
29.0595
28.9377
28.9695
29.0256
28.8631
28.6778
28.7634
28.7185
28.6289
28.7081
29.1791
28.8155
29.0427
28.7643
29.236
28.9338
29.2266
29.0627
28.488
28.9596
28.6083
29.2967
28.5794
28.8128
28.7165
28.8243
28.7381
29.0004
28.9063
28.9993
28.7144
28.1651
28.7524
28.9087
29.0243
28.8297
28.7149
29.0789
29.0364
29.0691
28.8547
29.1284
29.1538
29.077
29.0228
29.007
28.7126
29.2765
29.2693
29.001
28.7113
29.4621
28.6179
28.8943
28.7205
28.3787
29.2222
28.8681
28.7983
28.7697
28.7645
28.3412
28.7844
29.004
29.3488
29.0549
28.7367
28.9051
28.9241
29.0038
28.8073
28.6458
29.0513
28.8083
29.0515
28.7597
28.6019
29.041
28.4692
29.0536
28.792
28.8543
29.0789
28.5541
28.8436
28.9272
28.7296
28.9827
28.504
28.8021
28.7813
29.4099
28.8655
28.8405
28.9742
28.9596
28.9478
28.8457
29.3378
28.9163
29.1359
28.9978
29.1157
28.9172
29.1467
29.1336
29.0117
28.4952
29.1047
28.656
28.9486
28.8633
29.1348
29.0414
28.7928
28.8355
28.9827
29.2414
29.1081
29.306
28.922
28.8043
29.3257
28.7646
29.0103
28.8096
29.2471
29.18
29.2451
28.6933
28.5422
28.9413
28.7712
29.1612
29.0242
29.0819
29.0362
29.0439
29.0166
29.3734
29.0627
29.0428
28.8721
28.6752
28.7622
29.4144
29.1068
29.0257
28.9776
29.4467
29.1271
28.8397
29.4137
28.8819
29.1176
28.8484
29.03
29.1983
28.8213
29.0931
28.9031
28.929
28.7152
29.1205
28.6887
29.1486
28.9997
29.0028
28.6616
29.1199
28.8373
29.0101
28.8219
28.5358
29.0301
28.9311
28.9425
28.6945
28.8428
29.0011
29.0919
28.9004
28.7311
29.2298
28.9091
28.8238
28.6027
29.1789
28.9633
29.0043
28.5614
29.037
28.6775
28.855
28.9316
28.7914
28.6737
29.1971
28.7458
28.9478
28.7583
28.5354
28.8684
28.8497
28.9052
29.1348
28.8782
28.5228
28.9133
28.5626
28.8032
28.8441
28.8781
28.4341
28.6104
28.945
29.2364
28.9068
28.8905
28.683
28.547
28.3126
28.845
28.951
28.6416
28.9737
29.1082
28.7306
28.9002
28.2447
28.8035
28.9963
28.8416
28.7334
28.9411
29.0446
29.1506
28.7626
29.1219
28.9674
28.9212
29.2914
29.2759
28.5407
28.5725
28.9687
28.9062
28.6156
28.9969
28.712
28.8762
28.8251
29.0793
28.9245
29.1537
29.2563
28.8353
29.0212
29.0222
28.63
28.9007
29.2636
28.8436
28.9829
29.042
28.7421
29.0657
28.8844
28.922
29.1191
28.4777
28.9372
29.1156
28.9607
28.9093
28.7105
28.9198
28.9723
29.0211
28.6786
29.0907
28.9596
29.2653
28.953
29.0412
28.9821
28.7854
29.2016
28.988
29.2074
29.2672
28.9553
28.7105
29.0505
28.7934
28.9003
29.2462
28.9759
28.4995
28.495
29.1166
28.8419
28.9729
28.7088
28.8426
29.5531
28.6264
28.932
29.1013
28.6994
29.0978
29.0702
28.9589
28.6863
29.1302
29.0684
29.1638
28.8391
28.9758
28.961
28.3156
29.0027
29.0466
29.2507
28.886
29.1675
29.1109
29.068
28.3917
29.1862
28.9549
28.9947
28.8272
28.8531
28.9082
28.9921
28.6469
29.1477
28.7147
28.8232
28.6128
29.2224
28.6921
28.7841
28.4908
29.0853
28.7138
28.9142
28.9246
28.7041
28.8943
28.6082
28.6269
28.865
28.4195
28.9756
28.9613
28.6246
29.1127
29.0664
28.8777
28.7936
29.3025
29.1974
28.9199
28.827
28.7636
28.9818
28.8262
28.9344
28.9987
28.6985
28.6259
28.7401
28.9885
28.8689
28.9845
28.9258
29.0569
28.6277
28.7632
28.8096
28.9527
28.8396
28.9093
28.7057
28.9587
28.9165
28.573
28.7996
28.7045
29.0802
29.3258
29.1331
28.711
29.1905
28.9646
29.0582
28.9711
28.743
28.9415
28.6195
28.6936
28.631
28.6586
28.7949
28.9645
29.0749
28.4912
28.6592
28.8215
29.3061
29.0067
29.1566
28.9258
28.805
28.6041
29.0031
29.1602
29.2634
29.3051
28.6784
28.7525
28.98
28.8705
29.0373
28.8556
28.9441
28.8083
28.4075
29.1364
28.9396
28.8688
28.8248
28.7204
29.3247
28.9871
28.9197
28.6391
28.5291
28.5991
28.9924
29.021
28.9364
28.8784
28.5766
28.8992
28.3633
28.5417
29.0128
28.9444
28.7928
28.7961
28.5881
28.8294
28.3579
28.4683
29.1572
28.6144
28.9807
28.8871
29.0661
28.9727
28.3529
28.607
29.0437
28.4263
28.8742
28.8359
28.6706
28.6831
29.0014
28.6788
28.7178
28.6377
28.6515
28.9065
29.1056
28.8249
28.5125
29.0061
29.1842
28.729
28.6288
28.7913
28.823
29.1652
28.4882
28.6506
28.359
29.0066
28.789
28.527
29.0773
29.3807
28.544
28.5872
28.2906
28.6651
28.7091
29.0503
28.7341
29.2614
28.6236
29.2321
28.5398
28.4432
29.1498
28.7056
29.2076
29.1577
28.8687
29.5947
29.2255
28.8431
29.0381
28.8676
29.1574
29.2543
29.0077
28.8035
28.8651
28.7648
29.2765
29.1507
29.128
28.9945
29.4374
29.6266
28.8204
29.0582
29.0752
29.1325
29.0332
29.1577
29.1215
28.6447
29.1482
29.1285
29.0612
28.9586
29.2625
28.9843
29.1714
28.7853
28.5719
29.0495
29.3534
28.8818
28.8913
28.7026
29.1981
28.9336
28.8526
29.0565
29.0102
28.8646
29.3416
29.0068
28.845
29.0483
29.1387
29.0741
28.7944
28.8758
28.9671
28.9234
28.9687
28.6717
28.6783
28.9037
29.0749
28.6078
29.1057
29.1507
28.8081
28.4127
29.3091
28.669
28.8265
28.7721
28.5277
29.091
28.7244
29.0207
28.8167
28.6204
29.0645
29.2105
29.0164
28.9398
29.0915
28.8338
28.5485
28.9908
28.5467
29.0016
29.2266
29.1098
28.5998
29.0141
29.0836
28.59
28.8257
28.7537
29.0464
28.6698
28.5003
28.9296
29.0259
28.5218
28.8137
29.1386
28.6278
28.5186
28.988
28.7893
28.7783
28.5848
28.5792
28.3666
28.7064
28.8332
29.1958
28.7838
28.9559
28.5636
28.7271
28.9654
28.7767
29.1651
28.8654
28.733
28.8661
28.3894
28.9115
28.9653
28.5846
28.3086
28.8234
29.1134
29.1066
29.1392
28.8099
29.1115
28.4753
29.0761
28.6485
28.8807
29.1559
28.758
28.4531
29.3126
29.1885
29.3299
28.837
29.3068
28.8442
28.3938
29.2343
29.0579
28.9306
29.0141
28.7611
29.1629
28.7772
29.0579
28.79
28.9507
28.9227
28.4926
28.7049
29.1604
29.1087
28.9454
29.2285
28.9536
29.0593
28.8297
29.0367
28.9309
28.9093
28.9813
29.3234
28.9362
29.1283
29.2569
29.2799
28.8367
29.1706
28.9305
28.7634
28.7884
28.7896
28.1836
29.1117
28.7693
28.6002
28.488
29.1312
29.1307
28.7532
28.8746
28.7586
29.1163
29.0538
29.0655
28.7987
29.0163
29.1704
28.9376
28.7547
28.8923
29.1339
28.8306
29.1541
29.4221
29.3893
29.3973
29.185
28.8534
28.9559
29.0245
29.0004
29.0621
29.1841
29.3218
28.8349
29.2468
28.9324
28.8668
28.9097
29.0093
28.6356
29.1344
29.0582
29.0645
29.3258
29.1088
29.3399
29.0897
28.9103
28.6727
28.935
29.0287
29.0037
28.5445
28.7977
28.8376
28.8361
29.1397
29.0379
28.9651
28.9402
28.933
28.8737
28.7684
28.8678
29.091
28.9867
29.2575
29.3328
29.2001
29.2881
28.8303
28.8434
29.1139
29.3576
28.8086
29.2509
28.8453
28.6535
28.9391
28.5907
29.1427
28.3494
28.5862
28.7328
29.1557
28.6314
28.8451
28.9011
28.5961
28.9188
28.9898
29.2517
28.9902
29.1936
28.8654
29.2508
28.7555
28.9111
28.8706
28.8161
28.5883
29.0483
28.2145
28.7957
28.58
28.6477
29.0688
29.0261
28.5363
28.402
28.9115
28.4465
28.9745
28.7444
28.3458
28.5522
28.4393
28.8244
28.9132
29.012
28.8649
28.3405
28.7823
28.7684
28.4255
28.7309
29.125
28.6681
28.7124
28.4499
28.4964
28.9233
29.0881
28.3808
28.8652
28.7482
29.0453
29.0342
29.2647
28.9071
28.702
29.0772
28.6164
28.94
28.2801
28.9428
28.7716
28.768
28.6597
28.2138
28.8351
28.8886
28.9175
28.868
28.9597
28.9018
28.7153
28.8941
28.7958
28.3999
28.6097
29.1696
28.6601
28.9769
29.0362
29.0254
29.0724
28.984
29.0642
28.6987
28.4801
28.6892
28.8324
29.2229
28.5256
28.7357
28.6877
28.6686
29.2688
28.9141
28.3655
28.8744
28.6441
29.0262
28.8939
28.7113
29.0849
28.8294
28.7829
28.5107
28.6752
29.0609
28.7283
29.2129
28.8056
28.6836
28.7483
28.8551
28.7831
28.5999
28.8237
29.0802
28.7985
28.8087
29.1275
29.1834
28.9369
29.0603
29.0551
28.9699
28.6859
28.8937
29.3177
28.6482
29.0968
28.9629
28.821
29.0466
29.1169
29.047
28.9608
29.2078
28.9047
29.1627
29.354
29.2291
28.8265
29.304
29.2869
28.8691
28.6658
29.0122
29.2467
29.1035
28.4186
28.467
28.9321
29.1002
29.0837
28.9016
29.0765
29.1688
29.0102
28.6743
28.9819
28.9653
28.9838
29.1424
28.5985
28.9836
28.7185
29.2448
29.1322
28.69
29.05
28.6212
28.8345
28.7657
28.7746
28.6924
28.9129
28.6873
28.5703
28.6818
29.0787
28.7711
29.0968
29.0658
28.8407
28.5963
28.9769
28.8422
28.3984
28.9526
28.6358
28.886
28.6543
28.9065
28.6835
28.7295
28.7613
28.4609
28.9452
28.8766
28.692
28.4675
28.9927
28.6805
28.3407
28.6567
28.9366
28.8158
28.7779
28.705
28.6778
28.7449
28.7437
29.1454
28.529
28.6145
28.7694
28.7395
28.791
28.8044
28.7215
28.937
28.547
28.7788
28.6944
29.1037
29.0694
28.7333
28.7196
28.8383
28.6958
29.1522
28.6088
29.1461
28.8967
28.5211
28.9047
29.0518
28.8942
28.9432
28.7186
28.5569
29.0749
28.5636
28.7785
28.7997
28.7544
28.8525
28.783
28.8888
28.8269
28.8355
28.7017
28.3363
28.7233
28.5234
29.13
29.0431
28.5309
28.819
28.9433
29.1423
28.5166
28.3643
28.9678
28.7563
28.8799
29.01
28.0772
28.4798
29.2645
29.0849
29.2963
28.6518
28.8154
28.5665
28.7104
28.9321
28.722
28.6374
28.894
28.3727
28.7367
28.8362
28.7594
28.5974
28.8344
28.7839
28.7769
29.3789
28.5893
29.1023
28.7977
28.3924
29.0085
28.5666
28.9571
28.97
28.4924
28.4357
28.7862
29.1041
28.8614
28.9158
28.883
28.0903
29.1027
28.5576
28.9179
29.2215
28.7092
28.8338
29.0642
28.8802
28.7135
29.0953
28.3144
28.6023
29.0356
28.7934
28.8586
28.8073
29.1253
28.902
28.6979
28.4835
28.578
28.9146
29.1441
28.772
28.8986
29.2478
28.9234
28.7412
28.8275
28.6466
28.8135
28.4338
28.0694
28.543
28.6345
28.7781
28.6603
28.8226
28.3854
28.4937
28.6603
28.5302
29.1509
28.7513
29.1147
28.6011
28.6971
28.8929
29.2305
28.7317
28.7901
28.9394
28.897
28.7755
29.0765
28.7739
28.6358
28.4991
28.8817
29.1556
28.6704
29.0425
28.626
28.6262
28.7365
28.8253
28.7644
29.2396
28.7061
28.8319
28.609
29.1131
28.4269
28.6437
29.058
28.95
28.5066
28.8804
29.129
28.6654
29.0309
28.8141
29.0085
28.8823
28.4172
28.9105
28.9317
28.6613
28.7644
28.7655
28.6878
28.6671
28.863
28.7558
28.7759
28.8924
28.9372
28.4128
28.763
29.3553
29.1847
29.0994
28.9628
29.1703
28.7141
28.9418
29.3141
28.8491
28.712
29.1824
28.9875
28.7497
28.4378
29.0311
28.8239
28.8922
28.8879
28.703
28.6631
28.8248
29.2481
28.9347
29.182
29.3909
28.9507
28.6259
28.853
28.7816
28.8463
28.4609
28.6116
28.4929
29.0738
29.0529
28.7
28.5644
29.1543
29.0082
28.6243
29.2957
28.4364
28.8967
28.759
29.0172
28.905
28.2494
28.6612
28.6077
28.7244
28.7004
28.4039
28.9885
28.8428
28.6371
29.1276
28.6513
29.1463
28.5776
28.7376
28.9389
28.6449
28.3788
28.7429
28.9318
28.9327
28.6683
28.4729
29.1177
29.0411
28.5422
28.8104
28.7472
28.0955
28.8001
29.054
28.6964
28.4291
28.7184
28.973
28.5774
28.9147
28.6312
28.747
28.6636
28.5354
28.464
28.8713
28.9454
28.6304
28.4765
28.9183
28.6361
28.3136
28.7676
29.1409
28.6731
28.6311
28.475
28.6449
28.6404
28.4676
28.788
28.7877
28.3967
28.5395
28.8594
28.9551
29.1367
28.9448
28.9321
29.3757
28.799
28.8421
28.9491
28.6894
28.7059
28.2616
28.9338
28.8536
28.7546
28.744
28.6613
28.7524
29.028
28.4534
28.6744
28.8462
28.9789
28.9383
28.8963
29.0024
28.843
28.8334
28.7218
28.9912
29.0322
28.7419
28.67
29.2505
29.0632
28.7178
29.1056
29.1975
28.7351
28.1751
28.5101
28.785
28.5241
28.503
29.1005
28.4571
28.5714
28.6239
28.7627
29.0273
28.5746
29.0551
28.5924
28.8306
29.2829
29.1117
28.7228
28.8068
29.0753
29.0047
28.6792
29.1173
28.5433
29.1671
29.4057
28.5988
29.3107
29.0052
29.0386
29.1077
28.9758
28.8018
28.913
28.9755
28.798
29.145
28.8523
28.6741
28.4787
28.5977
29.0732
28.7423
29.0739
29.0276
28.9677
28.817
28.886
29.1264
28.918
29.0318
28.8693
28.607
28.6442
28.7528
29.1051
28.9272
29.1917
28.6884
28.706
28.905
28.8615
28.5931
28.8657
28.8534
28.8182
29.2219
29.0668
29.1563
29.091
29.3714
29.2082
28.9983
28.996
29.1411
29.0554
28.8072
28.6712
29.3082
29.1903
28.8217
29.3265
28.535
28.6965
29.2031
28.8117
29.1863
28.6579
29.107
29.3969
29.1085
28.8147
29.0641
29.1225
29.2275
28.9312
28.8463
29.2969
28.9493
29.2778
28.8761
28.8564
28.8968
29.1546
29.0235
29.0166
28.9072
28.8714
29.4858
28.7149
28.9492
28.3917
29.2434
28.875
29.002
28.5622
28.9654
29.29
28.698
29.2763
29.2188
29.1316
29.3756
29.1421
29.2703
29.0712
29.0934
28.9343
29.0093
28.9345
29.1207
28.8938
28.982
28.982
28.6859
28.9986
29.1251
29.1114
28.8015
29.3428
29.0251
28.8711
29.0608
29.3119
29.0158
28.804
28.962
28.9547
29.6774
29.1671
29.0925
29.063
28.994
29.2998
29.0877
28.9096
29.1282
29.1166
28.9506
29.2849
28.7636
28.8619
28.8339
29.2756
29.1484
28.9056
29.1717
29.4035
29.0771
29.0658
28.5635
28.5949
28.9163
28.8373
28.7518
28.9484
28.5556
28.9208
28.8874
28.5184
28.5595
28.5443
28.5039
28.5648
28.9421
28.8495
29.3072
28.6957
28.8209
28.6982
28.7624
29.0458
29.1688
28.5624
28.4133
28.685
29.0251
28.593
29.0764
28.5199
28.7691
28.8156
28.8407
28.7219
28.7939
28.8518
28.8467
28.603
28.823
28.4214
28.4822
28.9067
28.2454
28.8774
28.9408
28.845
28.7045
29.5607
29.0334
28.9616
28.9098
28.8401
29.2787
28.8789
29.0609
29.0848
28.6366
28.9408
28.8115
28.8974
29.1345
29.0486
28.6018
29.0929
28.6784
29.0166
28.9095
29.1774
29.0452
28.8828
29.2622
29.4157
28.5278
29.1833
29.154
28.9743
29.0792
28.8616
29.0795
28.6883
29.0139
28.9421
28.8619
29.0027
28.9726
29.2428
28.9546
29.2403
28.757
28.9321
29.2614
28.9032
28.774
28.7595
29.1498
28.8526
29.0441
28.6067
28.3016
28.9422
28.8724
28.5865
29.3958
28.8097
28.8787
28.8721
28.9946
28.6488
29.3266
28.8812
28.6454
28.5265
28.7988
28.934
28.8433
28.5614
29.2599
28.5839
28.9715
28.7401
28.8813
28.7673
28.7868
28.8086
29.2967
29.0525
29.2319
28.4781
28.5836
29.0061
29.0261
28.2993
29.0955
28.5907
28.883
29.0606
29.1237
28.4339
28.73
28.5695
28.6221
28.9628
28.8214
28.8848
28.674
28.8702
28.6687
28.729
28.6712
28.571
28.8958
28.5329
28.8303
28.6179
28.6733
29.4277
28.5531
28.3663
28.505
28.5324
28.8095
28.6383
28.4108
29.0636
29.0153
28.528
28.4639
28.4223
28.8739
29.1519
28.9086
29.0016
29.0583
28.7471
28.7695
28.6145
28.4202
28.781
28.8722
28.6397
28.9141
28.4457
28.7703
28.5737
28.6468
28.4894
28.5355
28.9121
29.3179
28.7764
28.9986
28.7213
29.0113
28.7266
29.0477
28.9102
29.0163
28.8601
28.8624
29.2659
28.7606
28.9671
28.8848
28.824
29.0636
28.6239
28.8242
29.0012
28.9677
29.1287
28.7461
28.5076
28.5855
28.8348
29.0952
28.3474
28.5486
28.8952
28.9348
28.8002
28.8343
29.0259
28.7462
28.9675
29.3797
29.0628
29.0662
28.8221
28.7377
28.9581
28.7956
29.1649
29.11
28.758
29.0703
28.8447
29.0874
28.9141
29.134
28.9642
28.5554
28.8972
29.0345
29.1166
28.7602
28.8875
28.8185
28.9049
29.13
29.1535
29.0125
29.1311
28.9898
29.0489
29.0817
28.8351
28.8646
29.377
28.931
29.1726
29.3249
28.944
29.0644
28.669
28.9866
28.8358
28.8617
29.4759
28.835
29.2767
29.0876
29.3134
29.0876
28.5528
28.5245
29.0973
28.9723
29.0431
29.0331
28.968
28.8715
28.9265
28.5402
28.353
28.7443
28.6635
28.8906
28.33
28.9285
28.8519
29.0697
28.8933
28.8928
29.0499
28.6286
28.9244
28.9665
28.7159
28.7809
29.0062
28.8671
28.701
29.1936
29.0779
28.8309
28.6947
28.7735
28.9754
28.856
28.8522
28.9319
28.8802
28.742
28.7305
28.8088
28.5854
28.8614
28.8997
28.7475
28.8791
28.919
28.8103
29.4342
29.0668
28.7963
28.8081
28.835
28.8231
28.9486
28.6897
28.7476
29.1004
29.0833
29.5238
28.6556
28.6847
28.885
28.6372
28.9281
28.6052
28.46
28.8181
28.4128
28.836
28.638
28.7916
29.3691
28.7994
28.7782
28.759
28.678
28.7447
28.7145
28.8141
28.9621
28.6578
29.0551
28.705
28.6741
28.7815
28.8045
28.9187
28.543
28.8643
28.9791
28.4409
28.8308
28.757
28.568
28.6268
28.8292
29.2292
28.8379
28.6114
28.6974
28.6792
28.8118
28.8495
28.9795
28.9537
28.8223
28.4922
28.3663
28.7324
29.0373
28.6742
28.6187
29.3968
28.8107
28.8999
28.7972
28.6827
28.7753
28.8843
29.1095
28.4817
28.7434
29.2315
28.7524
28.8231
28.6538
28.3282
28.9024
28.6187
28.7544
29.0623
28.5621
28.7079
28.7675
28.9558
29.341
28.9682
28.1821
29.0879
28.8495
28.6607
28.5363
29.0022
28.9837
28.9061
28.4779
28.8602
28.6118
29.0809
28.9499
28.8071
28.9375
28.9376
28.7484
29.1162
28.4946
28.443
28.6288
28.754
28.9021
28.8065
28.6295
28.767
28.6729
28.6192
28.6979
28.4663
28.992
29.036
29.0809
28.8134
28.8975
28.7111
28.9988
29.4543
28.8762
28.9388
29.0343
28.8598
28.709
28.821
28.7707
28.7516
29.0861
28.666
28.8454
28.792
28.6112
29.2148
29.3896
28.7234
28.9453
28.4673
28.7487
28.9448
29.2839
28.4867
28.7654
28.4435
28.6664
28.8148
29.0693
29.2838
29.1296
28.8179
28.7418
29.071
29.1302
28.8505
28.73
28.3834
28.9373
28.8804
29.0421
28.9966
29.1356
29.3917
28.7452
28.6313
28.6591
29.2013
28.7903
28.6585
28.5857
29.0154
29.0298
29.2423
29.026
28.9962
29.225
29.1043
28.8673
28.7491
28.6351
28.8596
29.057
28.7884
29.1183
28.7489
28.9676
28.822
28.9488
28.7537
28.6244
29.2046
28.6549
28.4934
28.4899
28.8632
28.8321
28.448
29.1833
28.9699
28.7192
28.8541
28.6166
29.124
28.8496
28.7273
28.8204
28.5541
28.6689
28.5652
28.9116
28.8941
28.8539
28.7749
29.1001
28.8491
28.9836
28.7892
28.5452
29.1698
29.1524
29.0985
28.3888
29.0939
28.7301
28.784
28.8481
29.001
29.3647
29.0913
28.9027
28.7183
28.8364
28.6918
29.0585
28.6976
28.7804
28.897
28.5767
28.4751
28.7647
28.7818
28.6342
28.5914
28.5861
28.6756
28.7564
28.712
28.7077
28.5683
28.7967
28.6782
28.5473
29.0405
29.26
28.8378
28.5603
29.0035
28.4423
28.4446
28.4692
28.7879
28.5739
28.3871
28.7822
28.5988
29.1743
28.5189
28.8219
28.739
28.9002
28.8654
28.6254
28.3397
28.8799
28.6032
28.7227
28.6847
28.7238
28.5328
28.7249
29.0433
28.5475
28.9293
29.1833
29.1751
28.4028
28.817
28.835
28.7088
29.2542
28.7777
28.8253
28.486
28.9672
29.0871
28.7271
28.6781
29.0691
29.0963
28.7284
29.1014
28.7099
28.9437
28.8507
28.9533
28.7046
28.4971
28.9253
28.5077
28.7602
28.3491
28.3312
28.492
28.8138
28.6595
28.3903
28.3422
28.7055
28.5753
28.6219
28.5345
28.5337
28.7651
28.7618
28.8483
28.4236
28.6216
28.5582
28.431
28.3368
28.4619
28.7322
29.1689
28.9004
28.6971
28.902
29.0958
29.053
29.0452
28.5257
29.0391
28.7718
29.2752
28.8042
28.4106
28.7092
29.1953
29.2723
28.5283
28.9532
29.2101
28.4728
28.7286
29.1695
28.6274
28.879
28.976
28.5641
28.9227
28.6621
29.0385
28.5393
28.8029
28.8469
28.4009
28.8002
28.6517
28.9987
29.1886
29.1803
29.0579
28.6132
28.6398
28.8583
28.8522
29.1354
28.4441
28.697
28.9735
29.0179
29.0153
28.5008
29.0728
28.7123
28.9963
28.8953
29.0429
28.7043
29.0108
28.8842
28.9557
28.551
28.8514
28.6011
28.915
28.7299
29.2333
29.05
28.4291
28.6866
28.808
28.3604
28.3781
28.9277
28.9981
28.9879
28.6165
28.7515
28.9117
28.8124
29.2272
29.0932
28.7373
28.931
28.8519
28.8242
29.0511
29.0589
28.7636
28.9723
28.8114
29.0772
28.8482
28.6959
28.5336
28.6988
28.7246
29.0703
28.8683
29.2442
29.1028
28.7488
28.7666
28.6659
28.7123
28.5909
28.6396
28.9827
28.5814
29.0215
28.8954
28.8869
28.8073
28.841
28.7057
28.3787
28.9751
29.1604
28.6731
28.9397
28.5945
28.75
28.6036
28.6965
28.3265
28.6547
28.4242
28.5498
28.6849
28.8694
28.7604
28.7655
28.8273
29.0548
28.994
28.8885
28.8424
28.7447
28.7922
29.2445
28.8409
29.1829
28.6977
28.9615
29.1845
29.0017
29.048
29.0753
28.8835
28.6642
28.777
28.4711
29.1203
29.2218
29.1658
28.7923
29.0327
29.041
29.1203
29.1324
29.1922
29.3559
29.4515
29.0334
28.8976
28.8855
28.9313
29.2124
29.3555
29.1552
28.8812
28.9711
28.8388
29.0726
28.986
28.9485
28.9825
28.81
29.2901
28.9161
29.0468
29.0268
29.0103
29.022
28.8907
29.0746
28.2773
29.1407
29.1268
28.7714
28.867
28.4005
28.7541
29.1802
29.2579
29.1498
28.3341
29.0835
28.9957
28.7153
28.8883
28.7983
28.7266
28.7306
29.1924
28.8747
28.715
29.2175
28.9821
28.8866
29.1033
28.6116
29.2659
28.4137
28.7901
28.7797
28.9033
28.8205
28.648
28.6564
28.7497
28.6139
28.4492
29.0584
28.7087
28.8329
28.8874
28.5147
28.6425
28.7695
28.4773
28.8618
28.1747
28.8472
28.6283
28.6087
28.543
28.8414
28.9075
29.4681
28.9688
28.936
28.6802
28.7683
29.3638
29.0738
28.7877
28.9781
28.4864
28.7902
28.58
28.5254
28.5676
29.0673
28.8726
29.1803
29.28
28.5712
29.1345
28.6835
29.1364
28.8927
28.936
29.2395
29.0666
28.9215
28.9066
28.8366
28.7431
28.8713
28.9932
28.9616
28.9224
28.6019
28.4685
28.3113
29.0203
29.0701
28.7614
28.8467
28.9277
28.5469
28.9789
28.6734
28.9198
28.7025
28.8487
28.9731
28.7469
28.8029
29.0312
29.2087
28.6727
29.2722
28.6453
29.1776
28.7063
29.055
28.9409
28.7826
28.4813
29.2778
28.9904
28.8326
28.7844
28.917
28.9241
28.9912
28.8692
28.8326
28.7172
28.6075
28.7342
28.6051
29.0273
28.697
28.573
29.3214
28.6595
28.866
28.6899
29.0563
28.5913
28.7301
28.7756
29.0396
28.866
28.4484
28.8786
28.6799
28.2954
28.8129
29.187
28.2387
28.9299
29.0397
28.6914
28.2643
29.099
28.3923
28.2029
28.7447
28.7845
28.5018
28.8374
28.7487
28.8034
28.5529
28.696
28.7724
28.7932
28.478
28.7006
28.5397
28.7853
28.3921
28.9018
29.0696
29.1687
28.6895
28.6083
28.7172
28.8877
28.8011
28.7372
28.8933
29.3847
28.5291
29.0716
28.9968
28.5462
28.9749
28.6843
28.7764
29.426
29.0198
29.0463
29.1313
28.7684
29.1671
28.8471
28.982
29.2441
28.97
28.5118
29.2235
28.777
29.2015
28.8851
28.9565
28.8686
28.9421
28.852
29.2383
28.9446
28.5935
28.8959
29.0121
29.1512
29.1745
29.2453
29.2513
29.2427
29.1372
28.4915
29.2599
28.9833
28.9502
28.698
29.0501
28.7384
28.805
28.9122
29.1106
28.9581
28.5649
28.847
29.0337
28.8278
29.1781
28.9158
28.5116
29.2889
28.9195
28.8333
28.3683
28.985
28.8731
29.1091
28.5947
29.0084
28.6555
29.0786
28.7053
29.3963
28.7442
29.0743
28.7579
28.8994
28.8639
28.8977
28.4782
29.0546
28.9936
29.3923
29.038
28.7922
28.8525
28.9997
29.1007
29.0636
29.0164
28.8218
29.2395
28.7079
28.6171
29.0376
28.9202
29.1594
28.5397
28.6096
28.7764
28.8723
28.4688
28.3625
28.7343
28.7725
29.0643
28.9333
28.7112
28.3512
28.8407
28.7992
28.6512
28.472
28.9192
28.8844
28.6205
29.0772
28.7658
29.0851
28.8529
28.4864
28.8728
28.8407
29.1424
28.7071
29.1284
29.1
28.5523
28.8307
28.6522
29.2028
28.8408
28.5244
28.6281
28.8122
29.1624
28.7394
28.5409
28.4079
28.8847
28.4984
28.916
28.7633
28.8462
28.8972
28.8285
28.6332
28.6858
28.8226
28.3867
28.6966
29.1334
29.1894
28.7992
28.7883
28.5265
28.6053
28.5635
28.4125
28.6255
29.0357
28.7457
28.6822
28.417
28.7715
28.6452
28.7456
28.3793
28.7853
28.8456
28.6149
28.6613
28.5214
28.884
28.4254
28.8875
28.4872
28.973
28.5563
29.0785
28.7404
28.4346
29.0177
28.5652
28.5019
28.2152
28.8007
29.0952
28.6946
28.6061
28.6949
29.3294
28.8321
28.7784
28.8733
28.9907
29.1306
28.9037
28.7803
28.3297
28.7539
28.9547
